你在大聲甚麼啦
如果我可以拔下北捷的"座墊" 我應該就不用怕犯人了
台灣再度領先全球
你在大聲甚麼啦
如果我可以拔下北捷的"座墊" 我應該就不用怕犯人了
台灣再度領先全球
我覺得搞笑諾貝爾經濟學獎應該頒給愛神
半年後來回顧 發現這篇根本垃圾
你在大聲甚麼啦
如果我可以拔下北捷的"座墊" 我應該就不用怕犯人了
台灣再度領先全球
你在大聲甚麼啦
如果我可以拔下北捷的"座墊" 我應該就不用怕犯人了
台灣再度領先全球
你在大聲甚麼啦
如果我可以拔下北捷的"座墊" 我應該就不用怕犯人了
台灣再度領先全球
講便當實在低端。一個月能花多少便當錢拿便當出來講就只是因為你常常吃便當，所以漲價有感罷了如果便當支出佔你現金流很大部分，該檢討的是你收入不夠多
製造崩盤不如砍掉衍生性金融商品交易，那裡才是聚寶CPI 本來就會降 問題是要花多大代價。油車糧降下來 cpi就真的完全解決？你也沒講事實上FED在意的根本就不是油車糧的部分。我就這樣問好了，油車糧解決後，cpi4% 這樣算解決還是沒解決
你在大聲甚麼啦
如果我可以拔下北捷的"座墊" 我應該就不用怕犯人了
台灣再度領先全球
你在大聲甚麼啦
如果我可以拔下北捷的"座墊" 我應該就不用怕犯人了
台灣再度領先全球
你在大聲甚麼啦
如果我可以拔下北捷的"座墊" 我應該就不用怕犯人了
台灣再度領先全球
你在大聲甚麼啦
如果我可以拔下北捷的"座墊" 我應該就不用怕犯人了
台灣再度領先全球
你在大聲甚麼啦
如果我可以拔下北捷的"座墊" 我應該就不用怕犯人了
台灣再度領先全球
你在大聲甚麼啦
如果我可以拔下北捷的"座墊" 我應該就不用怕犯人了
台灣再度領先全球
你在大聲甚麼啦
如果我可以拔下北捷的"座墊" 我應該就不用怕犯人了
台灣再度領先全球
你在大聲甚麼啦
如果我可以拔下北捷的"座墊" 我應該就不用怕犯人了
台灣再度領先全球
你在大聲甚麼啦
如果我可以拔下北捷的"座墊" 我應該就不用怕犯人了
台灣再度領先全球
群創踢出就是因為原本預期他賺多會配多，沒想到卻Eric你是真的不懂這公司跟他目前的出貨狀態。你第一篇推文就錯得離譜了。你以為為什麼一堆人在當初他仲裁出爐要賠40幾億台幣時還敢買，敢參加私募。敢在股價要全額交割大膽買進？你不懂後續又講一些讓人笑的東西，就是硬拗啊你要知道五月營收代表的意義。才知道為什麼這價位還有人肯持續買進。
世界大國都一樣？？美國是唯一一個大國，也是唯一一個算有道義的超級強權欸阿富汗爛成這樣都給你一堆白花花的美鈔希望你可以站起來窩窩兔以後，喝著美國人奶水長大的東亞民族講出這種話不覺得羞愧嘛？俄羅斯未來30年大概就是巨型伊朗，烏克蘭大概率會被扶植成以色列或冷戰西德，哪個比較好就看個人立等到月季線或是淨值那邊買?
他最近好像都在八卦版，沒在股版分享心得，可惜
生技專家被打臉打得這麼腫我也不好意思再推文了，越推越腫
看完推文真的是信心加持，可以抱更緊了。到現在還是一堆不懂的拿炒夢的生技股來比手中沒幾張藥華藥，可是這部位會持續一直抱至少三年
求饒買盤到底在哪裡？
你贏了
500以下買
最近賣最兇的就是摩根耶～
缺人才比較嚴重吧
下探300，重返榮耀
智障廢文無腦藍畜可能也以為前朝都是砂塵暴沒有pm2.5
恐慌情緒下什麼神鬼財報都沒用
1000見
cpi爆炸一樣不妙
五百以下的台g...以下略
房子可以加價賣 不用怕 先開個3000萬賣
什麼 原來六月才是關鍵嗎？ 那周一開低要搶了嗎
好吃，邊吃邊給自己配息
有些店煎的爛爛的 有些很脆 差很大
全新迪爵預購量不錯 但那krn應該滑鐵盧了問題又不能扣掉產險...
殺多點才好撿 利空出盡
獲利 配股都跟往年差不多 甚至不好股價高這麼多 給外資提款用今年除息完 應該會更慘 賣書比股票穩多了
再低調就空頭了啦
這隻看網路講解股東會生息反而獲利會減少今年這情況 成本7-8塊開發的早開賣了 先是俄問題後是配息程度 極限都展示完了 不賣留著過年嗎= =
中壽只是未實現虧損幾百億還沒認列
就台灣政府自己愛跟風蹭熱度 腦包
美光沒有制裁！？
白痴媒體白痴報導 美光什麼時候改名字了？
低能記者...
由美國的美光？？
丸子
很多
業績成長股  !!!
五月營收MoM +9.9% YoY +47.4%好強啊
推文小心
一堆人在氣噗噗什麼？私募鎖三年，你各位敢？
私募就不要拿出來講了….一般散戶買的到私募股票我隨便你
眼紅仔哭哭囉 嘻嘻
呵呵，不看新聞跟社會脫節，看新聞跟事實脫節
羨慕私募幹嘛 別說三年 酸民三天都放不了
都一堆莫名新聞 哪來脫節
中國人買什麼台股
私募就不用說了..跟對柱就是賺
好了啦 妳又不是靠自己賺的 一直吹
柏靈筠背後有曹氏家族，加上司馬懿小妾的天賦。
經驗聽聽就好 人脈才是真的
不知道你在哪看到的資料 我印象中看過文章鋁電池成本大概鋰電池一半 但即便再便宜 能量密度如果沒上去 就不可能用在機車或汽車上 不是嗎?況且我看不出三陽電動車再自己出一套換電系統的好處幾百億的建設成本下去還不知道能否回本 三陽會願意這樣玩? 覺得可以先參考光陽目前狀況買在12塊無感
我也忍不住買回了，42都跌不破太強了
上週借券給空空，直接一天賺月薪
原味內褲...線六千萬她沒放在眼裡啦...
確實
喔
張買完也有跌破235還不用綁三年但也沒人敢入手
兩年半後只會賺更多啦三年穩穩準備上一千啦
呃...中華電信，100以下收謝謝分享。 元大 永豐 ！更正 開發 永豐 是前幾名內沒20的！
感謝整理分享！
開發金單月才0.02哦，要烙賽了吧
99 2885
對比合庫、玉山、兆豐，第一真的穩
玉山去年0.67今年0.5...這算很穩？？
兆豐X割韭菜了
兆豐是買信仰的QAQ
99 元大金華南金開發金永豐金
白天操盤 收盤後跑外送 真認真 白忙一場 笑鼠人
29不是少年啊
哪隻股票年投報率有763%？
這什麼腦袋才會借的
少年股神－1
嗯……這種以為報警就不用還錢的我祝他一生平安……
才25%的話比疫情跌的還少耶！
一切一切預告在前
25% ?   一天跌8%  3天就跌完  !!!!
才25趴喔
今年肯定貼息
可以買喔？？
零成本的有沒有算進繳稅阿
哭哭，我買在24
成本除息兩次只剩下12.5左右了
空到下市 媽的
贏了吃海底撈，輸了就...海底撈
早就卡好位，終於等到融資進場抬轎了！！
噴
幹 我還沒賣
真的空的要被嘎爛了，黃董這次要玩真的
相信蝗董
來喔，看壞的快來空喔！
看好營建，但是大家可以去查一下券剩下幾張^0^
工料雙漲…但營收創新高…？
工料漲恐怖啊 有在裝潢的都嗎知道
沒說錯啊，最近同事自建成本真的大漲
靠  現在有30房貸  年輕人還不買房  想以後買不起無聊...之前的預期就知道惹 市場只是找藉口其他數據輔助的估計通常不會差太多，根本不用等拜登就下台阿...
升三碼++++
央行還是升息吧，總要面對的
如果6月美國升息兩碼.會不會低於預期讓股市大漲啊?
3碼 機率很高
垃圾華爾街一定用黴體去炒這個白痴預期啊
還好啦 趨緩。 年底不會再更高了
再啦
台股硬成這樣，還幻想會崩
通膨趨緩、觸頂已經從去年開始就月月喊了 喊個100次成功一次就能大吹特吹！
中油吸收一公升快八塊，還好政府要選舉，選後就..
教主 還在嗎？
烏俄戰爭 歐豬真的慘輸  看來是打不了了
升三碼，降關稅，放棄綠能。
快升息 做等台灣央行 呵呵
ㄏㄏ升息失靈要開趴踢了
美國消除通膨竟然用最笨的方式
每個月8-9%真的很恐怖...不到一年物價就直接翻倍當初看起來如果選川普應該還是會好點..
該死的失智登
要學學台灣不要計算房價，這樣就下來了
三碼不夠 不會一次升十碼？
空軍集結
信了 Allin SQQQ
可憐哪
最蠢的就這種
還有什麼美國對付GG，三星 Intel 聯手。你是中了幻朧魔皇拳 了嗎？
XDDDDD 這種程度的發言你也認真回文，你輸慘惹...這是最近在股板看過最搞笑的推文惹~大概僅次於之前那個說台幣貶值GG會匯損賠爆的原推文那個，教主直接嗆87惹，你怎麼不敢回他...
不是台幣升值GG才有匯損問題嗎？還是我理解錯誤？
沒有錯，台幣升值GG才會有匯損問題。
賭一下台積電2025年股價好了，你講一個數字100萬好不好，新竹跟你簽約，我會找律師
不過有些人啊覺得我的分析很好笑，或許啦你現在看很好笑，之後你就會知道了
先拿一百萬放在第三方避免你到時候不認帳
來啊一百萬，你要賭GG股價多少？
你未來人不講一個價格?
笑死一百萬而已誰沒有？
對阿，但我怕你不認帳阿，我會找律師到場
我講300
我相信你有啦，既然要賭就弄個第三方
那你要講多少講出來讓大家笑一下
好啊，2025年300，下禮拜一新竹工研院旁永豐銀行反正到三百我就輸阿，沒三百你就輸阿
啊你不講你認為的合理價？還有這樣的喔沒到三百你贏？你不是很看好怎麼不喊個800或1000？
也不用吧，反正到三百以下就算我輸了阿
笑死啦，吹噓仔沒大腦喔？還不用咧，我都敢喊300了，你連個800都不敢喊^_^你這打賭會不會太笑死人了
好啦 怕賭就不要亂嗆了，要嗆賭的未來人會怕就好通常就是不敢賭才會叫囂讓別人怕你禮拜一要賭中午前站內信，銀行前我隨Call隨到
你要照我的去賭？那我喊500就好啦你是要賭什麼可悲腦弱？我喊300你連個800或1000都不敢喊？可憐欸 你這種癟三行為別當G粉了到底誰怕賭大家都看得見啦真的笑死，不敢賭就別出來丟人現眼了啊怎麼安靜退縮了？不敢喊個價格還敢大聲？你喊個800我直接大你一百萬壓兩百萬敢不敢？不敢喊就別在那吹噓了會笑死人的
我以為我看到小學生在吵架...
哈 真是有趣的推文 剛好小弟朋友有在U 也有在G 也有兩家都待過的朋友從朋友上的經驗 U要超過G 不可能。不過爭這個有什麼意義嗎？ 可以幹嘛？
t大先說自己未來人，但又自high起來，要別人一起預測，真是歡樂。
U的技術不會超過但營收我認為未來10年內會超過
我認知的未來人可以精確報出2025/1/1的台積電股價，但或許大家對未來的定義不同？
樓上你要這個著重在這個名詞那我也沒辦法，因為你也說不出個理由來反駁我的分析，只能嘴未來人
謝謝整理。
反串仔無視就好啦 會講那種根本沒人信的話就是想引人注目而已
可能他的未來只有到2024/12/31，所以無法說出2025/01/01的GG股價？
浪費大家時間
卡位朝聖，2025 GG大於300錢拿出來
這篇被教主虛，值了
那個言論超智障
未來人說政治風險那ASML全球領先會不會也被全美國搞，你不會跟我說ASML是美國的吧…
一篇一根
不要說晶圓製造 台積的高階封測一樣屌打世界，台積怎麼輸？今年的computex出來 看就知道是高端運算的天下
台積電 世界第一優質企業！
感謝你的認真
護國神山
聯電14nm業界沒人用  就是被GG慘電  未來人你不要秀下限了
怎麼會跟這種雜魚言論認真
這種東西需要特別po一篇出來護航?? TSMC變宗教了吧
怎麼一堆雜魚還在用技術護航…我當然知道GG的技術聯電是追不上的 我一直在說的就是政治風險 一直跳針講技術
減資拉高EPS 股價就炒上去了
這種直接黑比較方便
未來人不是說摩爾定律會遇到瓶頸嗎>後面會追上? 我只是提出10年前的技術.追了10年又突然變政治風險了
以前台股從12682跌至2485.算是真正的誘空...
嘎尾老蘇早就預告
誘空而已別被騙了
大滯脹時代來臨 
一下說FED軟一下又說鷹 一下通膨觸頂一下又破紀錄現在根本就唬爛大賽
通膨讓美國人少吃肉類多吃蔬菜，對健康和環境都是好事
就升不夠多啊
語畢黃金就往上噴
Fed看的是pce不是cpi。傻了
不要用台新就不用煩惱這些
你怎會這麼奇葩用台新???
台新申請借券快一年沒借半張
全家5人衝著2.8折開戶.....真心覺得，不論是銀行，或是證卷業務，台新的專業能力 真的是.......
金管會首長信箱按下去
在這些步驟上卡關的話建議先拿可能的替代品目前 國稅局正在報稅季 要給國稅局蓋章的要趕快送替代品湊齊之後 先不管國稅局 直接寄給ZIM說你要辦等ZIM那邊跟你說缺甚麼資料再補如果嘉信要等月對帳單的話 先把其他的資料準備好時間上如果來不及 就先寄不齊全的資料給ZIM那邊
投訴金管會 台新證券不夠專業 沒國際視野
現在卡在國稅局印章 不知道要等幾天另外感謝tom大在國外投資發文才知道可以退15趴
台新之前的花邊新聞很精彩啊！
我問板橋國稅局 要2~3周左右 現在報稅季他們很忙
一顆茶葉蛋要多少錢
土耳其人沒有暴動嗎 什麼奇葩戰術這樣搞…
好神奇的國家拿央行來比的那位...你有什麼問題啊...
可能有發津貼之類的吧 政府有錢
去年加薪50%基本薪資後  他們通膨就回不去了只加基本薪資  加劇通膨速度
希望趕快給台灣巨嬰來點教訓
就跟央行一樣蠢啊，怎麼了？有疑問？
73.5%還沒有起來造反喔
73.5 茶葉蛋要賣到多貴呀
之後四萬換1元不就好了 還有人怕通膨
看看土耳其會不會革命大滯脹時代來臨 
會再發行一次新里拉嗎
跪求土耳其代購惹XDD
經濟學跟土耳其總有一個要死
國家主動測試人民對通膨忍受能力
這版也很多支持QE，降息，抗通膨的程度就跟土耳其差不多
土耳其發生什麼事情了
土耳其正確
逆向操作第十人
再QE嘛，副作用就是大蕭條
當債務危及國家安全，解決之道就是發更多債，把問題往後延
經濟學家:百年難得的論文題材
70幾趴沒很多人抗議？
土耳其沒在怕的QE為何一定大蕭條？
土耳其人是真的很能忍阿因為你在fb說政府壞話是會直接進監牢的
宗教治國  古蘭經反對利息 所以...土耳其總統的經濟學是神學老師教的世俗經濟學是通膨代表資金過多要升息回收熱錢，宗教神權經濟學是相反熱錢太多而通膨，就降息灌更多錢  再通膨再灌導致通膨更大 就再降息 再通膨 再降息
還沒惡性通膨，真的體質強健
這國家遲早被收購
還忙著擋別人加入北約
三雄已經洩了
看看今天CPI...頓時更明白了一些事
政府干預有用…油就不會漲成這樣….
他是不是搞錯通膨的原因了
要選舉了才出來演戲，這咖真的爛
這咖愈看愈不行 亂搞一通
他亂搞也只是反應了整個當權團隊的主流意識，這人就沒有太多主觀意見，很仰賴幕僚
應該是去叫工人自立自強的
美國碼頭工人是全世界上最貪得無厭的一群
油的問題阿拉伯不鳥他
歐美的碼頭工人搞罷工沒在跟你543的
失智老人
左派就是無能  只會講空話
工人罷工，高官可以集體去幫忙上卸貨，不要只會出張嘴。
股息跟營收什麼關係？隨便套幾個名詞幹嘛？以為是期末考不懂亂寫喔？
人家說左手換右手你就信喔
配息=幫你賣股票，填息=股價上漲。這樣理解最快。
大家都在賭原油回檔的暴利
笑死!!才減這樣一點點???
老蘇金項鍊前幾天回補了 躲過一次
通膨多蛙全部躲到原油~等油回檔很好玩沒料還想萬四鞭人，被嘎1000點到底是誰給你勇氣po標的文
了不起，負責。但我好怕你看對XD
笑死，外資總持股21兆元，能賣的還多著呢
謝謝你！
所以外資賣幾千億台股跌多少?  這邏輯很難懂嗎?總持股21兆又如何? 真正能賣的就那些而已啦台積外資持股由高點78%降到現在多少了多的是錢多到想炒底的
反正小丑雜空把標的文當許願池在po，通常那種說絕不停損的人基本上都是亂洨的，真那麼準還只空兩口小。中國中產呢
呆丸有政府 好安心 幫你撐盤
明明拜登亂搞石油業者好嗎， 現在自食惡果  笑死我原來美國人也可以選出美國韓國瑜， 有商人不選選個失智 真的沒救
通脹通脹通脹
大陸那邊4月失業率6.1% 6月才解看6越後面數字比較準
美國會被中俄壓在地上打嗎
台灣中產 戶收入100-200之間吧
好爽 自作自受
台灣通膨不遑多讓～
自己投失智登，自己吃X
美國韓國瑜哈哈哈哈
回歸川普時代了吧
台股每個廠商都說可以轉嫁給消費者  沒差吧
這根本不是升息可以解決的==
升息當然可以解決啊，不能解決是升的不夠多…
這時就知道川普的好
拜登還想搞關稅 綠能11月要選舉。民調現在就很慘 米國人知道做夢填不飽肚子了
升太慢 CPI都8%了還在1 2碼的娘炮升息
連頁岩油都挖輸老川是要怎麼壓油價壓通膨?一直用金融手段始終不肯面對實際供需失衡 都過幾個月了還在逃避問題核心當然壓不下來
到現在利率還在1%以下
現在時間點 升了就是通縮  不升就是繼續通膨  選舉前只能以拖待變吧
拜登真的還能選嗎...期中選舉這關恐怕就...?
就已經篤定要升，只是升太慢，去年比照英國開始升會稍微好一點吸毒吸的越爽，戒毒就戒的越痛苦
油價高 石油供給不夠 解決方法是搞綠能!?幹媽這84失智不然是什麼?
投假掰的左膠民主黨結果就是這副德性啊 只會講漂亮話骨子卻很爛 失智登是連講話都不會
他沒失智，要是現在採取川普的政策，直接被另一派支持者轟成炮灰又不敢像川普那樣明著搞(反正就是要得罪你，乾脆一開始就沒有要理你)
一次制裁太多了 要取捨了吧
自己愛投民主黨 畢竟是死忠的
滯美支那人自作自受
進步民主黨 偉哉 弄掉老川的牌局 玩死自己繼續跟進步派 放縱派 搞一些沒營養的左膠東西
冰律大苦口婆心勸傻多 傻多現在笑的出來嗎？
冰律大就是強
就川普一直印錢現在才通膨 挺川的是頭腦有洞?
頁岩油之力何時要啟動
不然你要投川普嗎
拜登真的他媽的最弱的一任美國總統 毫無存在感般的就任也沒有任何經濟措施
說啥呢左膠的最愛
還不錯事是美國造成的
說得好像拜登沒印錢 拜登印更多川川直接印給人民 至少他媽的有爽一波失智燈要9不要管油價了 一直印鈔給人民花好了
左膠民主黨才不管，繼續執行白癡政策
台灣至少沒有發瘋尼哥亂開槍知足惹
之前狂印鈔票不就能預見會發生嗎
不應徵新人下一步就是裁員拜登才第一年，這只是剛開始
我很早就講過惹  美國跟額國應該聯手統治地球結果美國跑去支持烏克   懶?戰爭繼續噴  爽的只有軍火商  民眾苦哈哈
挺川的那批人都看不懂事情的前因後果啦...當初你川是怎麼破壞FED中立性的？FED更早就應該緊縮了
美國跟額國交惡到全球封鎖毛子絕對是歷史大事件
就說美中俄都搞了全世界一波 中國病毒 拜登升息 俄羅斯戰爭
要被紅色滲透了嗎
通脹？通膨吧！
左膠真的害慘全球經濟
美國都月光族，慘是應該的
中產:不然你要投川普? 結果自己被洗成低收 XD
哪有通膨 巷口蚵仔麵線20元
通縮要來臨了嗎？
反正中產階級有買房 就抗通膨了建商說買房抗通膨買不起證明連中產都不到 錢省下來養活自己就好
中產跟失智 看誰先撐不住?
選了一個敵視本國產油業者的左膠 哈哈
中產不餓肚子 不然要投川普???  lol
說台灣通膨也很高的人 連資料都不會查那大概註定會在股市中賠錢
亂印鈔票的後果
不是阿 去年美媒還在洗通膨對窮人有益耶?
我這個台灣中產也感受到壓力了
不就拜登自己搞得嗎，活該
這樣的事麥當勞一直在玩，現有的餐點持續加價到賣不好，就把菜單洗一輪重新訂價
飢荒的時候糧食是最貴的
台灣中小餐飲未來幾個月真的會有一波倒閉潮其實仔細去看就會發現很多店換過人接手了 連一些排隊名店都換人
現在一些趁亂哄抬價的，一旦成本壓力排山倒海的來，真想反應成本也沒空間了，除了蛋或受上游供給影響的菜，全聯幾乎沒有明顯漲價就不知那些10元20元漲上去的是在漲什麼意思曾幾何時，連買麵包最便宜的地方，都快變成是全聯
禮拜一 開盤-300買進 感恩
全聯的青菜其實有小漲過 不過大概是因為搞有機跟履歷蔬菜
大滯脹時代來臨 
現在進場  都是結石  電梯繼續向下
這指數很重要，經濟衰退通常是心理因素
悲慘七月要來了嗎？ 更多的預防性裁員
說通膨是供給端引起的應該是會被打臉...沒看到庫存堆成那樣子嗎？供給根本沒問題
台灣大概也要跟進升息到年底了
何時疫情算過去？？
我以為NB已經涼了
疫情會過去？全境擴散正在上演
借出去了 當沒看到虧損 嗚嗚嗚~
長榮委屈了，高端要賺幾百年
死忠的 世界跟不上
難怪只能當酸民
...笑死 這檔跟金麗科有的拚合一 藥華藥 北極星至少能畫大餅、夢想，這檔不懂
推文小心 你家的水表可能隨時有人要去抄
扯
廢到笑
只有死忠的會買這家，把自己人當韭菜割，真有你的
去看看它的新聞 疫苗改個包裝也能發新聞 真的是沒招
10張股票市價的業績？塊陶啊！
了 基本上這家發新聞仔細看過會發現根本都沒啥實質的斬獲 都在畫大餅
就算國際認證過了 誰會買？
市場上有更好的數據更透明的novavax 誰要買東南亞島國沒二期報告效力不明的產品...
沒有競爭力可言
什麼時候要讓高端仔能出國辣
230萬，笑死人的營收，再幾個月就年減99%
看到櫻花護航仔還能自顧堅強的胡扯就想笑
最頂最安全的疫苗 值得最好的你
笑死，隨便一個工程師年薪
是不是把億打成萬了？
對比台積電營收 2330 應該衝上天了吧
可以大肆入場持有了
有綠色價值的股票
股價200真是奇蹟
有沒有副作用是要看三期、四期報告的 不是義和團說安全國際就會買單
國安企業需國家支持
這支有政策背書的其實比6446，美時等還穩。只是這種公司的股票和産品不要碰比較好
買一張就等於獲利哦？
還有人在等三期，好可憐
營收只有230萬？可能比外面連鎖餐廳還少.
可憐哪
3月時說過一個月有結果，已經6月了欸巴拉圭通過了EUA，結果一支也沒買
真的不如去代理快篩耶，被小吃店海放
笑死生技股看營收，我看的是fu糗高端=下一個藥華藥，懂？
可憐哪 都六月了還有人在等報告
公司年初說預計今年出貨一億劑 賺爛了 賺爛了
只想知道二三期報告結果到底出來沒
基亞也說不參與增資了 220的韭菜防線準備破囉
想到繳的稅…被…
最頂的
兩百萬月營收 就生意比較好的地區店家 啊是國家級的..
咦 政府的奶水拿完了？
有夠低，沒奶水喝就長這樣
過期的疫苗廠牌數量，CDC不敢講
如果有卷…搶翻天
現增 + 發CB  讚喔
焦師傅不給的  你不能要
請問貴姓：
彩晶不買了就該下來
本小韭也是因為彩晶才認識焦師傅的
因為中概都跌爛啦 已反應
台灣被看綏小很九，沒差了
中概股軟屌很久了，稍微勃起一下，你就以為是巨棒？
現在買帳蓬來得及嗎？
台 股 掰
800點
感覺美股後段又會拉上來 感覺啦 拜託啦
無聊...通膨早就麻痺惹
怕什麼  台股引領世界  下星期神秘黑手出手妥妥的
不是早有預期？
叫小學生來當聯準會主席，也會做的比廢物鮑爾還好
還好台灣只市長物價沒有通膨.股市不至於大跌吧???
空軍士氣大振！！！
自作孽 愛炒股又愛買東西=>加息!
Fed今天大概就會決定本月升3碼吧總會有人先知道，現在應該會有某些金融數據開始反應
升息升起來～
星期一...
完了
下週死定了……
麵線一碗20元而已 多多別怕
不是早有預料嗎?5月油價一直往上拉ㄟ
這次肯定要破去年一萬五的底了吧
相信政府相信黨
雞蛋78十超商不好買耶
管他的，繼續無限QE
台灣就油電凍漲齁 不然早就跟美國一樣了這只是剛開始 嘻嘻
下週一不會再漲回來吧......
FED 下週有種一點直接宣布升三碼啦
台灣就是靠中美兩大國 什麼他國事務
星期一要跳空了吧，往那邊不好說
衝得好
真的太小看台股了  我們不一樣
愛榭克：美股將一去不回頭！絕佳買點！ ^U^
好奇為啥拜登不開挖頁岩油
下週開盤就是阿呆股，黑手護盤QQ
因為拜登要搞環保
覺得黑手會扛在萬六附近
什麼環保  拜登就失智  跟本忘了自己有頁岩油這東西
道瓊道瓊，越倒越窮
一盒雞蛋80？沒買過這麼便宜的
等台灣選完解除油電凍漲就知道了，現在只是剛開始
原物料漲翻天
增幅減緩
央行不升息 美金繼續漲～爽
一看黃金還在1800，無感.…..又不像之前3月一下跳到2000美...通膨美用虛擬幣代替跌掉了啦，怕屁
美在幣圈最強的時候買了一堆到現在未賣出，用這跌掉Q多印的錢
已知到事情 拿來當股價漲跌的理由 笑死
你們不要鬧了吧，我歐印多單睡得著
股價漲跌就是有人已知有人沒有啊
指數怎不通膨
前幾天還一堆新聞在那通膨觸頂 每月固定唬爛一次
不要在臭某網紅專家了;等等被賠錢的信徒追殺
有人說台積電營收好不會跟跌，以為美股營收就不好嗎？ AMD財報這麼好一樣下去啦台灣升息打擊的不是經濟，而是引爆房貸利率1.65%跟88兆的房貸餘額炸彈。
台電中油會先倒....
台灣房貸2%會炸啦，以前都2.8%~4%
印鈔的錢在戰爭跟虛擬幣稀釋掉了吧老美懂玩，難怪那麼想戰爭
虛擬幣怎麼會稀釋 熊市會從裡面吐回來好嗎
現在比特幣根本什麼跌 哪裡有消耗掉通膨
老美故意用美元買最貴的虛擬幣，再換最便宜美元的回來，故意當個大韭菜，Qe印出來的不就消失了一下就買收回去，左手丟右手
台灣多頭指標 房價創歷史新高通膨什麼都是假的
台股、台灣房價世界第一啦，免驚
SQQQ放著睏霸小出然後數錢老拜看起來有夠廢估計可以再跌一陣子
再跌80%  不工作的就通通出來工作了
121 拜登基
等PPI爆炸，通膨水壩倒塌，會死多少人就不知道了
連新聞標題都寫美國可能一次升四碼
要選舉了，油凍漲 有7.5元的價差，選後你們就知道
台灣胖子多，剛好這一波減肥，少吃一些
台電中油覽趴應該捏到爆了年底油問題還是沒解決 選舉完大家要抓緊了~~
升息就是金融股利多
嘻嘻
就算是台灣現在外食族的餐費也超有感，漲價漲得太可怕了...每個月都會比上個月貴一點= =我覺得真的要一次升息個2 3碼比較實際
一堆天真仔 升息外食也不會降價 漲上去物料跌還可以多賺幹嘛降
好市多雞蛋一顆都要賣12塊了= =
便當上次訂85元前天訂100元，嚇死我QQ
昨天全賣摟爽啦
以為會熔斷
某噓的言論就跟土國總統一樣啊，因為升息使商家借貸成本增加，會轉嫁給消費者使物價上升，所以間持降息立志當個利率敵人；阿現在土國CPI飆多高了？去google一下吧 哈哈
劇本早就寫好了
週一台股新聞 肯 定 又是挫咧蛋
※ 引述《rb731024 (還是米蟲......= = )》之銘言 : 果然上調預期也沒救囉，在不強力一點升息 : 到時後就真的通縮也沒得救了吧 : 摳憐啊 :  : 附上中文網址 :  : 5月核心cpi :  :  大驚小怪  這不是早知道的事？ 4月至5月底上海封控  很多貨斷貨出不了 消費端的美國  物價自然會高！ 那6月初開始恢復正常  供貨跟的上咧？ 而且 最初升息月是3月  公布的是5月 連外部時滯的基本扣打 都還沒達到 現在頂多還在心理影響的層面 升息政策無效？ 你就繼續無效好了 歷史上的升息 沒見過無效的…… 貨幣政策模型 計數模型  早就用的爛的不能再爛 只有阿呆再說無效…… 時間到了  你就知道那種威力有多猛！ 再過2個月 物價會冷到你不相信！ --
我真的要笑出來 拉高就空送分題 不是又演給大家看了週一殺盤等低接優質股囉
通膨會暴跌一波，但不會回到2~3%，股市先爆噴一波接下來因為消費衰退，財報開始法會，股市再跌回去
五月cpi爆炸跟中國貨物關C沒很大   是油糧
樓下：早就猜到，已反應
core cpi往下   撐住core cpi沒倒的東西也跟中國
最好早知道！你不就先開爆槓桿歐印放空了
是油，小麥還跌的讓我停損weat
關C不大   房租跟機票比較明顯小麥跌是最近的事惹   糧價還被外食影響
不說別的，我還真的空了
這次不一樣喔，通膨壓力已經遠遠超過以往，如果短
加密貨幣也空了XDD
時間壓不下來，會直接造成急速停滯性通脹，會有連鎖反應很多中小國家已經撐不住了
彥州不要再凹惹…
管它未來會怎樣...下週先大跌一波
升息也沒用啦自己加的石油趕快挖吧，不要再失智了
美國這麼吃油的國家，竟然放任油價高漲，真笨！
對！ 輕原油跟天然氣現在此時開始藉利空開殺了！上不去了！ 能源注定要再殺一小波
官股在護沒關係啊 台股獨強
現在core cpi還可以往下是靠二手車高基期大概可以到七月 八九就很不妙車貸違約真的爆到二手車價崩就還有救
我覺得你在反串
對啦對啦！早知道就去選美國總統了你乾脆這樣說。
下不去就年底直上3.5%
拜登只要說明年起開始禁售油車 二手車車價馬上掉！二手油車注定要走空頭 只是早晚而已
好喔我確定你在反串了
美國天然氣供給應該比歐洲好，10月後換歐洲爆炸
看到5月油價一直往上拉CPI高於預期不是早就知道嗎
二手車價佔權重很低啦 權重最高是房租和約當房租
單看基本面，台積電本益比太高了250元比較合理
是不是快要崩潰大裁員了
房租每個月MoM都0.5 0.6%的話 CPI當然降不下來啦~光房租一項就保底2.5%的CPI了
美國中產要完蛋了嗎
明顯誘空  看到這樣崩你還不空?  這麼沒誘惑力?
自己看一下數據時間是到了嗎？？效果開始了嗎？
笑死 你升息升到歪就不用加油了膩?
早知道 那怎麼處理？
還是Fed升息也可以榨出石油了?
無聊...等明年還超過5%再說
Fed說9月在看看 不是沒道理 剛好觀察政策發酵程度
還有你的歷史與模型肯定是壞了只有頁岩油可以壓制油價進而打壓CPI 其他都沒用
要像70年代的停滯性通脹好歹5~10年的高通膨再來講
我覺得最奇怪的是房租的問題是真的有那個市場還是
我最討厭聽到早知道三個字
有價無市。我看我家附近的出租公寓，一直在打廣告
現代人生存要素 陽光 空氣 水 石油 這你都不懂
一副就是沒人買單急著要銷出去的樣子。
今年民主黨若大敗，油商才敢大膽擴產頁岩油沒那麼快或容易擴張。鑽探和設備需要時間和投資。又不是水龍頭...
真要殺也會拉上去之後再下去 不急
中產投給拜登不是最多的嗎 完蛋剛好而已
誰跟你在cpi是大陸封城，明明就是油糧
core cpi其實也蠻高的，雖然有往下但幅度比預期小
如果升息無法壓通膨.倒不如降息救經濟.這樣比較好?
今年房租市場真的熱 隨便一個物件都一堆求租
縮表這個月才剛開始，大家太急了吧。
房租漲個30%都算佛心房東ㄌ
二手車佔4%跟房租差很遠   可是他yoy高點>40%
等吧。
沒看報告的才會覺得車價不重要
fed如果還是這樣沒覽趴 一碼兩碼 年底通膨絕對炸
房租mom大概要減緩惹  目前租屋空房率5%去年低點4.1%  疫情前6.7%
不過說實在 現在8%通膨根本沒人信ㄏㄏ 18%還差不多
6.5%左右mom大概0.3%
你找的理由跟這次通膨的相關不大，下去
對啊。我自己的觀察也是空房很多。我自己住的公寓旁
汽車庫存慢慢起來惹，要等下半年mcu趨緩。
這麼低又長時間的低檔真的史上未見
邊就一堆都空著的。所以才覺得現在這樣漫天喊價到底是誰在買單。
請問關於房租的部分：我記得 CPI 是計算房租跟房屋負擔的「等校房租」，也就是把房屋負擔的成本換算成房租加進去。最近北美木材價格大跌，大概需要多久反映到 CPI 裡的房租價格啊？
s/等校/等效
升息又不是看一兩年的通膨= =
看到數據才發這篇真的很棒 ^^
8%一定是美化的數據 而且電子產品都是自然會跌價的
長期鎖在2~3%已經夠多了。目前的通膨跟供給面有關
更不要說旁邊社區一整排condo都在拋售。喔，價格還
通膨要看地區   美國大概有10%地區房租還在跌
在紐約市的租屋市場的確減緩有感
再降息房價是要漲到??
有一些大城市房租yoy2% 3%
通膨並不是你常吃的便當漲20%就是當年20%
開很硬喔。
矽谷房租漲很兇   但是舊金山就沒力惹
房租這麼高，漲的幅度足以拉下你吃喝玩樂的漲價幅度
木材價格跌到房價房租下滑起碼等一年八
有些發言真的讓人很無言...
要去看開工率   通常6~9月後完工疫情前後有一堆允許開工的但是沒啥在蓋
租屋市場要看地區 舊金山去年竟移出人口全美最多
木材掉 代表鄉村買屋需求在掉了！
現在一堆身邊的人都在說通膨嚴重，就只是因為他的
預計要到秋冬會有多的供給進入市場
這邊的人不知在急什麼。
常吃的便當今年從100漲到120
一堆鳥不生蛋地方房租跌ㄌ也沒用 大城市+就業好ㄉ今年房租哪一間不是漲30-40%
美國我不知道啦 台灣房租漲了30~40?
高能兒真的是多...
不過狗會跑到多低也不知道。口袋深深比較重要。
通膨也不是你說鴕鳥心態不嚴重就沒事 8%怎麼算ㄉ你知道嗎 ㄏㄏ
六都的租金單坪單價是5年漲20~30%不等。
舊金山喔。hunter point那新建案，看起來也是整排condo乏人問津。
不過這是民間大數據。官方鴕鳥心態不去弄，用一堆假的自欺欺人
SF就被玩壞惹阿 ㄏㄏ 前陣子DA還被recall
vegas的房租好像是跌的
原來SF左左也有受不了ㄉ時候
不要說Vegas，我感覺Austin的房很多也在砍價了。
我是覺得這房租漲幅unsustainablerent-data有興趣的自己把網址連起來看一下
孩子，是油
並不是就業好的地方房租就漲   很多炒過頭惹放在cpi報告裡面就    人家只看年增  以前漲的不管
對啊，炒過頭了。我本來是沒打算在SF買房的。被弄到現在LP捏下去在看房買房。
嘎尾老蘇造就預告
現在租屋的開價實在是太扯了。
通膨確實只看年增，所以需求降緩其實明年大概就穩了畢竟今年的基期偏高，數據下來就跟你說沒通膨了
房租要到年減月減應該是不可能94惹核心裡面二手車大概最有可能大跌
房租裡的主要項目是OER 佔了房租項大概75%權重OER的調查方法是直接問屋主說你這擁有的這房子要是拿去出租會租多少  所以還真的是看屋主喊價決定的
還有一種是旅館旅遊相關der
至於高MoM%會持續到何時 應該會到九月以後吧
雖然權重不到1%  但是年增20%  就給尼cpi+0.2%
Zillow房租指數已經有點緩下來了 CPI房租大概落後五個月反映Zillow的變化
四五月4美國旅遊旺季   而且是解封後第一葛旺季機票問題剛好反應
愛神愛粉救我，美股一去不回頭
其實FED有說過他們是關注核心cpi裡面的高黏性那些所謂的「明顯的趨緩信號」指的是高黏性的那些MoM%下
us10y現在3.16%  尼想想看下禮拜fed會講啥愛空就去空R   糙
大滯脹時代來臨 
關鍵是QT的規模和速度有沒有要改..現在看起來市場離流動性危機只剩臨門一腳了
教主4不4壓力大大XDDDD
要是QT照計劃執行下去 搞成流動性危機就好笑了..其實QT就是個超大型金融實驗 畢竟上一次QT才執行到
在市場面前，每個人都要千杯再千杯
一半就受不了降息了 這次竟然要用更猛更快的力道再來一次...只能說FED很有創意和實驗精神吧XD
房租漲是真的啊 公司開始RTO 社畜只能買單前兩年很多租房凍漲/降價 現在要報復式調價
有些貨幣乘數是放出去就收不回的 比如房貸 你2年前放 也要30.40年才能收回 2年前放貸的決策 要40年才能解決。收到一定程度 短債開始劇烈反應流動性危機就差不多到了自然M2增長 100%收回 怎麼可能！能收個30％就偷笑了 剩下的貨幣流量 早就綁進自然增長中。
便宜的油在海上 冷的物價在遙遠的天堂☺☺
一直放空一直爽
台灣房貸餘額歷史新高88兆，房貸利率歷史新低1.65%，央行自己的搞的爛攤子怎麼收
早知道 那你套利多少了？
彥州今天心情好像很不錯分享很多
怎麼美股一崩就有人心裡跟著崩
鬼島馬3五月賣239台 3億3千萬人的美帝賣904台 慘到炸  新車都快賣不動惹QQ
永遠不乏搞笑的推文
二手車被炒高不就這幾年供應鏈問題一直沒處理好，新車沒得買。5月中國又封城更慘，新車銷量當然差
只問一句..阿你財富自由沒
某a不要再凹了 很難看 一起加入空軍吧
原文標題： 台灣港務公司 申報轉讓陽明股票8千張 原文連結：  發布時間： 2022/06/10 記者署名： 邱莉玲／台北報導 原文內容：  陽明大股東台灣港務公司今（10）日公告申報轉讓陽明股票8 000張，有效轉讓期間6月13 日至7月12日，將是台灣港務公司今年第三次申報出售陽明，總計將賣出3.3萬張。 在預定轉讓持股後，台灣港務公司仍持有15.8938萬張，仍是陽明第三大股東，僅次於交 通部的13.39％、國發基金的13.17％。 台灣港務公司分別於4月8日公告申報轉讓陽明1.5萬張、5月13日公告申報轉讓陽明1萬張 ，今日再公告申報轉讓8 000張。 心得/評論： 港務局手上隨便賣了啦 股息我也不想領了 無法填息 今晚國外海又跌爆 咕嚕咕嚕 --
這篇多空論戰有水準一點
就你一直賣一直賣==
你各位好自為之阿
賺爛了
跟著賣跟著空啊 嘻嘻
賣在高點 爽翻
跟著空八千張 下去
賣給0056
我們顏董呢
這下船的訊息 水手還沒接到啊
水手都比港務局還會算EPS 嘲笑中
不怕不怕 水手成本都在30以下 勇者無懼
台灣港務推錯
台灣就是這樣 當初GG也是這樣被賣給外資的
航運比GG
永遠有賣壓的陽明
差很多吧 賣給外資的前提是外資要買外資又沒有要買陽明  嘻嘻
慘...港務局的賣壓，阿榮準備跌停
又有一批船票要賣，大家應該很期待！
知道要賣了喔  咕嚕咕嚕
賣著賣著就上癮了
航海王要完結篇了 你還在船上嗎全廉爽爽接
跳船囉
港務公司：0056這次輪到你了
水手團結 一人一張把陽明買回來
你不是空軍ㄇ
不知道港務局懂海還是顏董懂海，最近跌絕對有詭
賣不完的鴨子
不適有人分析 明後年都穩定配20?  腦公務員賣了???
成本20有差嗎
港務局成本低賣掉直接賺差價 資金可以拿去其他地方啊
能不能賣到變成非國營？這樣陽明才有救
咕嚕咕嚕~~~
成本10元不賣嗎
大家一起空一起賺大錢！
越賣越高
垃圾港務局不會一次賣完嗎還分三次賣
大家都會賣，只有散戶還在買
港務局：我先跳船囉
這是航運版的前妻嗎
哈哈哈，剛好給0056當套牢仔
高割離席
一直賣
轉讓給我啦qq
一堆專家說不會填息 ㄏㄏ
航海王要完結了嗎
航運這一次配完這次息，這輩子都填不了的狀況未必不會發生喔
港務局現在賣3年後1折買
高歌離席
航運一定不會填息啦 股版大神都告訴你們了
咕嚕咕嚕
花好幾年填息可以算有填息嗎
花幾年？我是怕等到進棺材還沒等到
國家級出貨
貨櫃還有什麼利多能填息？等最大的利多跌深看有沒機會
貨櫃盤了一個多星期以為要噴了結果命格太差
神操作
好險我今天平倉小賺
懂海哦，不想配息。
連配息都不參加
聰明
當然賣啊
港務局賣~港務局賣~港務局賣完台船賣~~(loop)大股東們一直賣 然後每個都說長期投資不輕易賣出cc
反正隨便空都賺 賺錢豪簡單賣一賣去買zim都比較安心
一直賣一直爽，一直一直一直爽台灣港務局也喜歡散戶提款機
照這個節奏還可以賣20次
不就繼續在區間盤整 這價位陽明是還能多低啦 航酸也是嘴巴空而已
港務局暗月
港務局是最了解，港務的狀況，傻乎乎。
港務局了解港務狀況然後去年賣在豈漲點，樓上笑死
陽明咕嚕咕嚕
港務局不懂貨櫃
大戶參加配息只是多繳稅而已
航運結束了嗎
高割仔
趕快賣啊，越便宜越好
還有16萬張慢慢倒^^ 倒爛
嘻嘻
政府要大撒幣啊
翻13-15倍 隨便賣啊
崩崩
隨便空 隨便賺 賺錢就是這麼簡單
高割離息囉
你讓我 我讓你
  台灣人就是太親美了 很多事情眼睛都視而不見 很難公平看待 App是用富途牛牛的大概都知道 這一個禮拜狂跳中國政府如何救經濟救通膨救就業 通知跳的頻率多到我都傻眼了 政策下了一大堆 代表中國政府是非常非常非常非常注重通膨這件事情 當一個政府非常在乎國民的時候 市場就會予以肯定 A50上證深証幾乎都是彈回甚至是突破前高 反觀拜登 塞港拖了兩年，連去視察都不願意 今天才有新聞說終於去協調碼頭工人的工會了 通膨爆表只會叫fed升息 呆呆坐在白宮啥也不做 那斯達克也就跟著呆呆的橫在那邊快一個月 股市的投資人是很現實的啦 不可能沒事用真金白銀去拉抬股市 又不是在送錢...... --
航酸只敢鍵盤酸不敢空啦！笑死！
中國政府在乎人民
你怎麼不過去給中國愛一下
讓你賠錢是為你好。讓你以後不會再被割
美國是資本主義政府干預通常是沒用的
就是這麼愛 才要惡搞上海阿
萬年領導習大大還不是一樣 笑死
人家只想會面BTS 不想理這些
房價都跌成屎惹
反串一百分
拜登任內股市已經漲很多了~股市總不可能漲到天上去~
反觀
注重經濟 然後全國封城 恩....你怎麼不搬去上海
中國最民主，海珊愛和平？哩金馬勒工…
的確，人全關起來，想通腸都沒的通，還通脹
俄羅斯也狂漲  只有中俄體恤民情  美帝超廢
不是阿，美國資本主義市場，中產苦哈哈，錢的量不會變少，請問到誰手上？？，有錢人更有錢啊，有錢人想合法洗你資產就是那麼輕鬆
?中國房價有在跌??????黑人大問號
偷渡ㄛ
愛買東西造成通脹，把你關到變智障了
今年最高是16xxx耶
聽過葉克膜嗎
你乾脆說中國封控也是在打壓通膨算了!
你連中國貨幣寬鬆都講錯，寬鬆怎麼救通膨？中國CPI也不含房價
這麼晚了還在反串 辛苦辛苦貨幣寬鬆救通膨  土耳其總統：我略懂
是了 全世界都是笨蛋 就支那最聰明
讓人民學會分辨野草哪些能吃是黨的善意
降準救通膨 懂
？？？？？？？
在意人民？？？？
?????
嗯…你再想想
我真的笑了
賺錢是一回事 睜眼說瞎話是一回事
寬鬆的力道越猛，代表內部問題越大
還敢懷疑啊
一堆中國人上街抗議銀行存款都不見了，救經濟?割韭菜才是真的
我笑了 這反串嗎
大盤指數被壓在十年線下面的股市你敢買?
鬼扯什麼  台灣為了救美國的通膨出了多少力你知道嗎
事實
狂降准然後說在意通膨？
你的第三段結論是太武斷了 其他離事實不遠
不錯  滿好笑的
哈哈哈哈哈哈～～～～～
你要不要看看中國、香港股市是跌了多少之後在反彈？睜眼說瞎話也是夠無恥
6464646464
中國政府在乎人民？？？？？？
降准救通膨，是土耳其式經濟學嗎？
哄堂大笑
因為中國政府很奇怪，天天喊著要救經濟，偏偏先插它三刀，好不容易救活，總是不忘再補三刀，投資中國不確定因素太多了，永遠想不透中共國高層在想什麼。
新聞都是審核過的 政府不喜歡發的出去？
這樣沒意識型態不就跟大陸說在乎經濟一樣概念
塔綠搬出來噓了
幾歲還不會選字
八卦仔火力展示喔？
看到附圖牛牛先噓再說
講個笑話:中國政府重視國民..
有笑有推
喔那你還不游泳過去？
封城不給貨 中國就不通膨了
某版缺業績？
之前中概股崩的時侯我猜你都沒發文
韭菜就是說像你這種無腦的..中國怎麼強怎不全解封
塔綠班們 吃點鳳梨釋迦降降火吧 哈哈
通膨不看房價好嗎？有夠韭
推app這種方法有夠遜
通膨跟塞港又不是百分之百正比關係 這經濟學ㄏ
中國吃屎一年多了回那個不叫前高
某不BUY的中信中國50已經腰斬了 加油 繼續買
在中共地區跟在北韓地區沒兩樣
???
 中國通膨見頂
中國降準救通膨=聰明，土耳其降息救通膨=白痴
在乎人民，哈哈
重視榮民？
上海都亂封成這樣，說中共重視人民跟經濟？
有笑給噓
拜登是做的不好，但也不代表習維泥高明到那去，你還是下去吧！
以結果論 中共的政策對人民最好 只是手段粗暴 但長痛不如短痛 美國就是講自由結果白痴政策解決不了問題温水煮人民
中國人被關成那樣  怎麼救通膨
？？？
通膨是人造成的，人口少一些就解決了
打是情，罵是愛，都是為了你好！！！
不如說極權國家上意容易下達 民主國家需要時間傳遞所以當領導人低能時 極權國家就會慘 民主還有buffer但相反的極權要認真改善時也會很快地達到目的囉
只要有錢賺就好
中國政府在乎人民 反串真的滿分
你的世界怎麼跟我看的不一樣？a50已經在地上摩擦兩年了
非常在乎國民 語畢 哄堂大笑
房價跌成屎通膨不會低好嗎？只會加深套牢族群縮減內需消費信心而已，況且最近中國一直調降利率救企業，也等於加開印鈔機讓企業有恃無恐
好啦，舔共覽趴你開心就好
0分
......
封城叫有在意通膨
有的說這波穩經濟其實是政治鬥爭
重視人民然後封城，你這邏輯我不行
讚讚讚
智
中國政府在乎國民XDDDDDDDDDDDDDDDDDDDDDDDDDDDDDD
………..
從俄羅斯那邊拿油+中國經濟大幅成長趨緩 這樣是要怎麼通膨? 美國就是經濟太熱又加上許多因素所以通膨爆炸 現在經濟也要開始下行了中國封城封到這樣是要怎麼通膨
都怪我烏鴉嘴，CPI指數前夕感覺毛毛的 時間為6/9號23：00 有圖有真相：  於是在凌晨時候發現美股發現了變化，於是建倉空單  早上醒來看到四大指數 皆破月線 美股反彈正式結束，果不其然20：30 CPI指數一公佈一根長黑，21：30美股開盤空方缺口出現，目前大盤目前月線攻防戰，收盤未能收上月線 下週一可能會有空方缺口出現！下週 台灣央行 還有聯準會 會很刺激！ -- Sent from nPTT on my iPhone --
怎麼沒貼多單
好有水準的文章
好棒好強
你好棒！！！
好強
你好厲害恭喜賺錢
先知 應該身價不菲
貼一下這個月對帳單和庫存來看看
早說 怎麼不早說
喔
昨天預測就知道會超過啦，怎還會毛毛的
你嘴砲沒這麼威 不要吹牛@@
你哪有什麼影響力 不要自作多情了
其實在這之前全世界一直有訊息告訴大家 只是你要細心觀察，以下節錄我三月的文章內容 1.繼上次發文長榮多單因為俄烏戰爭快逃之後，看起來沒那麼快結束，普丁感覺是個頑固 老人，一定要打贏為止 2.美國出錢出力，還拉著他的小弟一起，最新消息要斷絕與俄國的貿易往來，有種冷戰來 臨的感覺 3.美國通膨爆表，泡沫慢慢要炸開了 4.歐洲受不了通膨提早收回貨幣 有空大家可以去看一本書叫*赤字迷思* 裡面會有你們要的答案 The party is over 這是我今年的感想 --
好喔股神
你啥時有冷戰才剛要來的錯覺 敏感度得要再高一點才行 金融經濟制裁都到第六輪了
雞排都漲到70-100啦
派對已經結束  看大局  別困在每天瑣碎的多空新聞裡
國力差這麼多要怎麼冷戰
都熱戰了現在只差北約沒衝上去反推
普丁不是要打贏，而是要烏克蘭不要加入北約而已
雞排100誰買得下去
俄弱成這樣，打俄烏克蘭完全被看破手腳，冷戰？？？
什麼冷戰  要是金融危機的話恐怕會有真的熱戰這是最好的毀滅二戰後的美國制度時刻大家一起慘
是貢什小
三月？哇喔！
又在自己騙自己，普丁的目標一直是恢復蘇聯的榮光
一直很想潑冷水堅定相信某類書籍的人。盡信書不如無書。佛度有緣人
有俄粉又跑出來喔？
恩 那你三月開始做空大盤賺多少了 大預言家
資金派對結束不是人人都知道的事嗎＝ ＝
笑死
而且其實看油價跟黃小玉就好了
早就經濟戰了沒看到美日歐都在貨幣戰爭
同意樓上 日幣再貶下去 各國貨幣要開始競貶了 亞洲金融風暴2.0
美國那時後出錢了？都是別國的錢，賣的都要錢說俄打輸？都吃下四個台灣大小了，是多蠢
俄國不是要打贏烏克蘭，是要打爛烏克蘭。
俄羅斯的二個階段都達成了 可不是
炒房楊總司令繼續加速投資經濟火車頭吧
雞排就算100好了，很貴嗎？我們經濟那麼好
年初確定收QE+連續升息就OVER了還等到現在
書看完危機也結束了
很多事不都發生很久了 現在才講?
嗚嗚，戶頭赤字
戰爭只是藉口，布丁想弄西方經濟，要打不打的就知道戰爭只是手段，拖越久，布丁大獲全勝
你把第一點的普丁改成司機更貼切，反正他說的就是真理、死也不是死他，相較之下不想停戰的反而是烏方吧拿全世界的經濟與民生發展賺自己的政治利益與歷史地位，怎麼想都是穩賺不賠
※ 引述《bcyeh (傑輪特)》之銘言： :  :  : 台灣人就是太親美了 : 很多事情眼睛都視而不見 : 很難公平看待 : App是用富途牛牛的大概都知道 : 這一個禮拜狂跳中國政府如何救經濟救通膨救就業 : 通知跳的頻率多到我都傻眼了 : 政策下了一大堆 : 代表中國政府是非常非常非常非常注重通膨這件事情 : 當一個政府非常在乎國民的時候 : 市場就會予以肯定 : A50上證深証幾乎都是彈回甚至是突破前高 : 反觀拜登 : 塞港拖了兩年，連去視察都不願意 : 今天才有新聞說終於去協調碼頭工人的工會了 : 通膨爆表只會叫fed升息 : 呆呆坐在白宮啥也不做 : 那斯達克也就跟著呆呆的橫在那邊快一個月 : 股市的投資人是很現實的啦 : 不可能沒事用真金白銀去拉抬股市 : 又不是在送錢...... 你股市看個一天全球再爛的股市都可能贏美股 這沒什麼意義吧 拉長看 半年 跌差不多 一年 五年 中國股市都是被美股按在地上摩擦 尤其這五年美股漲了6成 中國只有2成 拉越久差越多 十年差更多 那照你的股市說 中國不是最不照顧人民的政府 好啦我知道你要說美國放水 你去看m2增速 中國放水比美國嚴重 只是中國股票基本面爛沒人買 都流到房產而已 中國拿得出手的企業一雙手可以數完 美國則有上百家卡脖子科技公司 上次知乎看到一句話 民生用的在中國 工廠用的在歐日 實驗室用的在美國 很多中國人愛說美股泡沫 恰好相反 美國泡沫小 中國股市泡沫大 因為美國很多產品有壟斷性 全球都要跟他買 中國公司除了互聯網 大部分市值都是圍繞地產基建 中國金融地產賺了上市公司6成的錢 然後至於你說近期中國股市上漲... 因為中國的利率已過比美國低了 這在新興國家是很少見的 現在打防 唯一能去只有股市 --
都幾月了才在party is over
上證離15 07年的高點還很遠...慘哪...中國的股市是連當地韭菜都痛罵的
中國的互聯網，除了tiktok，也是只有中國韭菜買單
中國股票風險大ㄅ，黨要收割一天歸零也不是不可能，人為控制太高了，
每次JPY/CNY碰到0.05，人民幣就會下跌，上證指數也跟著跌。
他說的前高是跟去年比 不是跟10幾年比
原po就是想偷渡中國好棒棒
美國通膨高到爆炸，拜登民主黨一直在那邊嘻嘻哈哈， 推託普丁，供應鏈之類的。馬的供應鏈兩年來就亂七八 糟也沒漲成這樣。 說是普丁也不完全錯因為戰爭制裁全球油價上漲。其他 國家可以哀，但就美國不可以在這邊哀。 拜登上台後搞美國國內石化業者搞這麼大，業者有腦也 不會想花大錢增產，等事情過去要再被搞一次嗎？ 先關keystone，後關阿拉斯加油管，再刁東岸煉油廠環評 ，再來減少油頁岩許可，還有減產外海鑽油。 美國是"極度"依賴國內交通的，生活在美國外的人大概無 法體會，美國人平均一年開車22000公里，油價漲一倍，所 有的運輸都受影響，除了原物料外，油價影響成本極高。 你說進口原物料無法控制，但油價是美國可以自己掌控的 ，但上台後一直搞一直搞，結果現在爆炸。 最近說要壓通膨所以又說要花錢加強基礎建設，說那個 Build back better沒過影響很大，馬的腦子浸水嗎?借錢 撒錢減少通膨？傻的嗎? --
可能以為大家都不會拉月K來看吧
老吉拜故意的 只能說水很深
千萬不要懷疑左膠的腦洞  上禮拜白宮還在喊要對油商課暴利稅   人家大概還嫌油價太便宜哩XD
很好 讓全世界韭菜一起死
左左：會覺得油太貴活不下去一定是你不夠環保
失智老人是來制裁美國公民跟歐洲豬的
牛肉太貴不會吃beyond meat環保救地球？
人家現在準備代替美國老百姓去跟油商討取暴利的錢XD
你真以為他們是不知道嗎？
美國人民正在受苦 你們怎麼可以大賺XDD 哈哈哈
我認為他兩年內一定可以達成金融風暴跟能源風暴的，我很有信心
明之不可為而為之，最後把仇恨移到供應商上面去而已
這齣戲碼已經演變到我完全不知道怎麼吐槽了
Gu 大，他知道只是他忘記了，所以是類失智
最後美國政府會以正義的姿態徹底暴打油商一頓劇本大概是這樣吧～
他就只是要假裝自己像廖添丁一樣很為老百姓著想
拜登:你們要增產降價 然後把暴賺的錢吐出來
最好是沒人跟他說過他做那些決策後會有什麼影響
不然還有什麼其他的辦法可以面對老百姓的怒火？
當美國行政系統地智庫團隊是吃素的？
歐美都這副鳥模樣 我看可能物價還要再繼續飛下去
反正這些油商早就得罪光了，不差這一次
就當初為了拉下川普，選舉時開太多支票討好不同利益
真的不懂為什麼要把自己搞得這樣==
團體，兩面討好。現在自己政策矛與盾對決又拉不下臉
然後趁這一次再把自己未來的政策定價一次
承認自己當初開的競選支票做不到。
怎麼覺得很眼熟...和某島超像
人家不是笨，是壞
你說他有改變嗎？沒有。一路走來始終如一
反正不可能逆轉綠能趨勢，你們最好趕快接受
打從在選舉時，他給的很多政策支票和口頭承諾，有點
只要拜登10月前搞不定石油，通縮也差不多發生了，fed我認為也救不了，就算下重手，拜登也可以搞爛，結論感謝拜登
腦的也看得出來是互相矛盾，不可能做到的事情。
不是不知道問題在哪，是裝傻才可以好好割韭菜
是的 所以實話是根本不會有人會大增產 這行業頂多緩慢增產罷了 已經不值得大融資投入了 歐美已經為這行訂下夕陽結局 沒有人是傻蛋
gu大也太晚睡
老實說，以他當初開的那些政見，拖到今天才通膨爆炸
最後就開始喊共體時艱了，消除所有傳統能源的雜音
左派不就是想要油價越高越好嗎，最好高到大家都不用大家都去開電動車，這樣才是環保
我覺得已經很神了。我原本自己預估是去年下半年就要出事了。
以目前而言 歐美大銀行也不歡迎這行業的借貸投資
原油本來就不應該超過百元，現在整組都玩壞了
這類開採類的現在都很難大發展 有錢的不願意支持
現在還有誰願意當蝙蝠俠？伊朗？沒人可以增產了啦
所以低成本的原物料現在翻轉過來就是這樣
去年疫情還有壓制消費端 今年出遊潮開出來就爆惹
油的既得利益者與美俄一起策劃的戰爭。油商薛最後一次了。
伊朗 委內瑞拉早就被制裁到產量暴減了 想爆產很難
主要的問題還是幾家石油巨頭沒有義務要增產救這局
設備老化是現實 不是說想開就能開出產能的
這次如果跌下來....一定很多人 會套牢很多年的
除非老拜祭出政策保證油公司利益 但那又會業力引爆
本來就沒義務救啊="=
所以油公司這現階段都滿保守的 能賺先賺再說
這行業現在就是這樣 高污染的產業很難再擴產
平常把人家當十惡不赦的惡棍打，現在出事幹麻救你
伊朗 有核協議問題
油商的未來與這次的油價一樣最後末升段噴出
委內瑞拉  國內石油產業 制裁搞到垮掉一堆
以現在氣候的情況 COP26只會越來越強勢 這是趨勢不可能解套的啦 這次過後能讓你繼續維持不減產就該偷笑了
拜登自己政策搞爛頁岩油，四月要制裁就該硬幹開採頁岩油的，結果只有制裁沒有配套像極了某個島，OPEC也不會鳥他，一切都來不及了，除非俄羅斯戰勝後還肯釋出石油給西方國家，只是賣啊三跟老共都不夠了，所以真的沒救ㄌ
他當初要制裁應該是以為普丁會很快腿軟跪下去
我去年開惹3萬英哩 995!!還我川川2.2油價 那時油便宜 路上還沒車 超爽的
從選出一個80歲老人當元首 就知道這個國家沒救了
馬的！川普是對的。美國自我修正  統失能的機制已經崩壞了
美國乾旱、森林大火一年比一年嚴重，怎麼可能再挖頁岩油增加炭排
就是故意搞死美國人的。淘空美國。現在掌權的就是爛渣
民主黨就不能頁岩油咩就跟DPP跟你說要發展核能一樣神主牌的東西 除非人民受不了換執政黨
拜登根本智障 美股今天這樣他要負一般責任
放棄乾淨能源政策，別跟歐洲一起起舞，碳中和根本假議題，只會造成通膨
就故意要割的 還有人看不出來
故意搞的啊，要是油價20美誰還想去開發綠能呢？但是油價200就很多人願意了，不然穩定暖化就是笑話，人都想爽當下，環保愛地球沒利益就只是口號，要有真利益才能推，真要碳中和歐美可以先過苦日子10年，我看是不可能歐美都不想過苦日子，全世界70%窮鬼國更不可能了，只好跟俄爹買油
難道你要選川普？
最恐怖的是解封造成對汽油的需求遠大於煉油廠產能，就算原油不漲，汽油價格也會大漲
民主黨一直都是炒能源為主
你有算過特斯拉單位炭排行走的距離嗎…，什麼能源轉移？存吃油靠內燃機的車比得上混合能源發電的電車？還不用考慮影響都市aqi，想不到油車除了便宜本身有什麼優點…
你要發展清潔能源最快的方法就是高油價你油價漲到200大家就換電車了
不是啊，左膠有腦嗎
油都加不起的人怎麼換電車
我股票已經跌到沒錢加油了，哪來的錢換電車
那些加不起油的人可能會先暴動給你看，不是去換電車有沒有想過越窮的人，越無法住在離工作近的高房價區這些人是最需要低油價來壓低通勤成本的。你叫他們換電車？有錢換的話就不會住那麼遠了啦
elite會跟你說沒有不景氣只有不爭氣
這就我一直講的，不是說環保不重要，不是說你左派那
沒錢加油買電車是你能力差，不要怪政府怪景氣
套不重要。而是你在推這些東西的時候有沒有想過受到衝擊最大的是哪些人？有沒有想過怎麼去降低衝擊？平常出一張嘴說要保護弱勢最厲害。然後拿出來的政策作法，到最後都是先反咬弱勢一口。不是蠢是什麼。不過最蠢的還是那些聽信會被幫忙乖乖投票的真弱勢
笨蛋
電動車
電車的電哪來的 乾淨的煤氣還是油
訂單已滿
都市空氣好 就大眾運輸加腳踏車啊，小車全部禁止
反正這局是爆定了，沒救了，什麼減少石油的依賴，但你快速充電站又沒廣設，都市地價炒那麼高也設不起，關在死胡同裡喊綠能好棒棒，有用？
裝睡的人是叫不醒的
連在台灣的人都知道的問題 拜登會不知道嗎
登登韭韭窩
他當然知道啊...重點是他的選舉金主，有一大堆不食人間煙火的環保膠。錢拿了，總是要做點事、演點戲。
改用人造汽油驅動的電動車 才有機會讓大眾接受
高通膨讓再生能源政策看起來就像笑話一樣 還想禁石化
笨蛋總以為別人是笨蛋XD
想念我川
巴菲特買油大成功你看蔡EE的反核綠能太陽能二兆風電左膠就是賺綠能錢歐洲還有碳稅要賺
笨蛋!問題在武漢肺炎
廢文一篇看你那回留言的樣子 我就知道又是一個來亂的連個中文資料都不會查還敢噴電動車轉換功率差這麼多你以為油車和電動車差沒多少喔差2倍到5倍啦
是的…理論上沒油就會換電車但實際上….技術做不出來呀
什麼電車環保更是智障到有剩，汙染轉移而已。資料會不會查啦
樓樓上那跟我國平均每人有一顆睪丸般的書面統計資料好棒棒
布丁會敢發動戰爭大概有三原因連在一起拜登-民主黨沒川普瘋->阿富汗撤軍灰頭土臉->油價漲這三原因拿掉一種大概就打不成惹不過原因都是拜登
你那資料超好笑的 最後結論是37.98 你還是要燒碳啊而且你完全不提生產電池的污染
不可質疑我的大空總司令拜崩，這樣才有肉吃
再來 計算公式用台灣補助後的便宜電力 只是把成本轉嫁給政府
美國人自己要選偏左政府的
讚嘆的人為股災，傻多個起乃
這局我看大概要等歐美開始發生大規模遊行暴動，或是年底民主黨參眾兩院全丟，才有一些變化的可能了
那篇只說車輛能源效率，又沒考慮電廠效率，最好的複循環約5成，再來個輸電與充電轉換的耗損，其實電車整體能源效率並沒有想像中高。
民主黨：在那邊叫什麼？世界不是只有俄羅斯；油太晚到，我們就不要了；普丁：Russia can help!
特斯拉沒這問題
笑死惹 講能源轉換效率的是知道怎麼算出來的嗎?
選民搬石頭砸自己腳 可憐
我當初就發一篇挖石油被版主刪了
樓上電車算這麼詳細，輸配電也拿來算，怎麼不把油的運送儲存提練也拿來算一算，笑死。
碳排就環保的一個環節，碳排就是比較油車高，你先承認這點才能談吧，不然如果你死不認錯我覺得沒什麼好談的
選到拜登就跟08選馬英九一樣，自殺
油價之前140通膨也沒那麼高啊 笑
對啊，難道整個美國精英都不知道嗎？ 當然是知道啊，但為了左膠的票，知其不可為而為之才是最讓人絕望的
美國人就智障啊 趕快全面挖油就不用被俄壓在地上虐
說好的民主修正呢
美國的情形跟台灣很像吧，選民制裁自己XD
難道你要選川普？不爽滾去俄羅斯，油比礦泉水還便宜！
其實要解決氣候問題，最根本的方法是人口減少，再來就是像新冠這樣封鎖。左膠政府搞不好真正的目的就是這樣
油價目前還遠沒到高峰呢 歐盟豬年底就知道了
又一個左膠蔡英文...
就說他是左膠硬推上去的傀儡總統 他其實沒有主導權
天然氣問題比油還麻煩。油可能就貴暑假這陣子。但是現在物價貴成這樣，很多人出遊計畫可能有取消了。天然氣高峰是在冬天，離現在還有大半年。
你比美國總統厲害嗎
川普指使賓州挖頁岩油 當地左膠馬上就出來抗議叫囂了
美國人爽日子過太久 想過過苦日子 不要欄他們啊看餓一餓會不會腦袋清醒一點
蔡英文頂多中間偏左 時代力量才是像AOC的極左
電車統計上還是比油車稍微環保低碳 配合核能或風力效果更好 說污染 開採石油也有污染啊
就你最聰明
對手陣營樂見你這樣搞 躺著選
DPP已經是 走右派了  看礦業法放心買遠東:)
EE左? 我笑了
不意外啦民主黨跟失智老人現在的手法不就跟台灣這幾年有87像，台灣都先演給你看了，之後美豬也是這樣演啦左殘的手法都一樣啦
是油價跟運費 才是主因 掰登根本沒搞清楚
你要今年死，還是今年先撐過賭以後ESG在我看來激進到不行，直接把"髒"產業ban掉
背後金主賺飽飽
就很好笑，一大群人被幾個政治正確會大聲叫的綁架
油價居高不下 根本無法制裁到俄羅斯
全世界都一個樣，看看強哥，差點被政治正確搞死呢
連融資都不行噢。現在在吹製造零碳鋼或無化石燃料鋼，科科讓你做已經是法外開恩xd
台灣也差不多 堅持沒有缺電 丟給下一任
這個才是真美國馬冏 有夠廢的
故意加速綠能發展，讓俄國第三世界化，跟沙特談了什麼條件沒人會知道，高通膨一段時間後原本的高價產品可能會相對變成平價的產品開始容易普及
民主黨真的低能 川普在任把美國石油話語權拿回來拜登上任兌現政治承諾對能源開鍘 搞成都是They的錯
很簡單的問題，現在以台灣來說，電怎麼來？ 電廠轉換效率多高？不要跟我講太陽能那種精美的發電度數跟時間。 說電車環保，我覺得噁心
拜登知道但隔天就忘記了
推 例如停止keystone 這不只高油價 還無法創造就業
Opec 之前疫情油價不好的時候也一直減產…，現在需求回來他還是慢慢加產能…
現在就只等對油的需求崩潰 那麼通膨就會趨緩或下滑政府的難題在於不願承認錯誤 舉世皆然
所以核能+電車 是目前最佳解 風電和太陽能可以輔助
笨蛋，現在還有人以為美國總統多厲害，結果只是傀儡
我平民..電車比平價油車多賣100萬 我怎麼買的下手
是喔 唯一看透真相的4Ni?
怎麼不說電車降到跟油車差不多價格就會大幅增加換車意願了？電車現在價格起碼油車1.5倍好嗎
就算心知肚明這年頭沒人願意當烈士
股票跌讓拜登被一堆人罵，美國隊其實很聰明的，他不好表示其他隊更不好。這是轉嫁成本的過程而已，真的別以為自己多聰明
笨蛋，問題在拜登
吵電車油車笑死人 拜登最好屌你這個 純粹立場問題拜登死低能兒就左膠 現在油商賺得正爽 拜登去跪也沒用
油太貴 看看拜登家族有沒有投資
跟中油買不就好了
問電怎麼來的？ 那我還要問油怎麼來的咧？ 發電廠效率會比你內燃機低喔？你要說電池污染，那數據列出來啦
火力發電效率還真的低
火力發電只有33%效率 美國能源部網站有
火力發電33%嫌低 那一般汽車引擎只能說幹爆低了另外電力輸送的耗損比想像中低 台電數據5%上下更別說火力電廠污染防治肯定比汽車觸媒好多了
搞油就是至死地而後生 弄到全世界強迫轉型綠能 減少對石油的依賴 美國未來大戰略是這個大力發展電動車也是 只要成功 以後就不用擔心普丁跟石油國大小聲問題是搞得太急了 有效替代能源都沒出來 之前左膠還在搞核能普丁趁機發難
馬德，我等失智老人下臺再搬過去
石油被掐，或是電池被掐，自己選
短期內最佳解是石油更正是核能
誰叫美國人不選川普 再繼續政確啊電動車的電哪來 還不是需要燃料
電車儲能還得看一堆礦産的臉色，相對而言油美國還比較好掌握
不要忘了電動車要Li，這要跟中國買的零碳鋼這種東西根本不存在吧==
整個能源產業都上漲 誰最後都會被打到吧？！好久沒看烏俄勒 不知道演到哪
我一開始以為ESG又是個什麼來演戲的評量，結果後來看不對欸，怎麼每個公司都搞得很認真
民主黨該噓，但說電車沒比較環保就是問腦了無腦
我買了比亞迪的插電油混，覺得很香啊，在市內用電，長途也沒有缺電焦慮，車價也不貴。現在高油價對我根本沒感覺。不懂為何不買電車或是混動。
deeeeeep state
看看美國本土精美的頁岩油
對政治人物來講 消滅中產階級是終極目標
我川治理能力強太多太多了
他真的很像馬英九 各種政確 最後油電雙掌 把自己也巴下去 民以食為天 你動到基本需求你就是要下台
美國人自業自得
會不會最後直接放棄烏克蘭
會說電動車是汙染轉移所以不環保的才是智障到有剩，環保是相對的，沒有絕對的環保
油國還賺不夠多啦，還會飛一下，誰理美國制裁早早讓烏俄結束就不會引發這麼大的海嘯了
整篇文章，我只同意「馬的腦子浸水」，說得真好。
白癡左膠一邊怪油商不增産一邊打擊油商利潤乖乖用太陽能啊用油做什麼
什麼都馬英九，說實話以前我也很賭爛馬，但比起來他比蔡EE有擔當多了。拜真的是爛到有剩
說像以前的馬英九 我也覺得很像現在蔡英文
要推他的綠色新政 美國人民就辛苦一點吧
川普有比較好嗎？
川普在位這幾個國家有發動戰爭嗎？
人家就是不要用頁岩油的環保左膠
大智若愚 ！懂？
川普還真的比較好
川普最棒了
會覺得電車環保就是很容易被新創名詞耍的團團轉的信徒 東西不是新的就是好的 真要只看噴出什麼決定環不環保 我寧可推氫能 現在通膨問題就在油 專注討論怎麼解決供需問題對有些人而言就是很難然後電池原料卡在少數利益團體手上 就是特定人士要的 這些人利用無腦的美國左一直掉槍給別人撿 未來也是個問題然後很可悲的是 之前大停電似乎沒讓多少人學會教訓無法想像人類文明會一直往不可靠的系統前進
1. 標題：特斯拉向SEC提交3 for 1的拆股申請 2. 來源：CNBC                               (公司名、網站名) 3. 網址：                               (請善用縮網址工具)  4. 內文：  特斯拉週五向美國證券交易委員會（SEC）提交的文件顯示，該公司計劃進行三比一的股票 拆分，而董事會成員Larry Ellison不打算競選連任。 特斯拉表示，Ellison將於8月份退出公司董事會，屆時董事會將僅剩7個席位。潛在的拆股 計劃將為員工管理股權提供更大的靈活性，還將使散戶更容易獲得股票。 備註： 到目前為止盤後沒什麼反應 可能是之前是1拆20的小道消息 市場已經消化完了  --
再割一波信仰 反正狂信者多 的確有可能漲
最後上車機會
多頭總司令特斯拉要靠分拆救美股?
韭菜割起來
難怪股價這麼堅挺...
股市上漲時1拆多是賺更快，下跌時1拆多是賠更多，要想清楚耶才幾個月就腰斬了，表示套牢壓力超大，再拆下去真的會好？？
一人一股救我特
Ellison 要跳車比較有趣拔現在想再用拆股這爛招早就沒用了
這次不一定會漲了
股價已經這樣 其實也沒什麼好拆XDD換個方式 至少還有拆股 才沒跌這麼慘
沒救了
但這波通膨 下探600也不易外
盤後有漲，看下週一的表現
Larry Ellison 不續任董事 這比較值得探討
後續應該跟亞馬遜和谷歌差不多
這波下去550是很有可能的
亞馬遜：
真的厲害，炒到乾掉為止可憐追高族，下看300亞馬遜之前3500以上，高高在上現在呢，就是小弟而已美國人不想再被騙只要特斯拉宣布裁員，股價無法翻身
犯了美國人大忌 舔中又噴左膠
將使散戶更容易獲得股票 ==> 誰獲得鈔票  ???
通膨了 還有錢買電動車阿? 是要騙鬼?
※ 引述 《rb731024 (還是米蟲......= =)》 之銘言： : : 果然上調預期也沒救囉，在不強力一點升息 : 到時後就真的通縮也沒得救了吧 : 摳憐啊 : :  : : 附上中文網址 :  : : 5月核心cpi : :  : :  : :   台灣最權威的央行總裁 楊金龍都表示，升息只會推升房價。 美國CPI很大一部分是房價跟房租，美國居然無視台灣經驗，想用升息打壓房價，難怪CPI降 不下來。 美國看起來是跟不上台灣，或許要借重台灣經驗，不要升息，或者降息來減緩CPI。 CPI過高，股市就不會好。  --
盤後漲2%想買單的還是不少
看來台灣央行和土耳其央行都是同一個師父教出來的
台灣股市可以倒，房市千萬不可倒應該是這個意思吧
房市不能倒這是什麼鬼話
症腐官員滿手房地產 是要怎麼升息割韭菜呀 嘿嘿
今年年增基期拉高，明年就變年減，韭菜舉世皆然！
官員、政客、委員們一堆不動產資產投資。政策一定要護好
台灣官員手上幾百筆房產的一堆，要他們真打房，他們寧願給紅共統治繼續炒，反正都外國人了，早是美國加拿大房東了，沒差
可以少子化，可以通膨，但是房價是最優先考慮。沒有其他考量。很反智，但這就是台灣
少子化&通膨對官員有啥切身關係?房價還比較有影響至於大通膨造成的 產業下滑 失業大升 關我啥關係你們要自立自強阿.JPG
大家一起不吃不喝一起炒房吧
台灣人刻苦耐勞可以吃草  美國能嗎
CPI有房價？發這種帶風向廢文去八卦板喇。
台灣當房東就財富自由了 誰管別人生不生
美國房價已經降下來好嗎？數據都沒看在那發廢文
別亂了
美國房價降下來了，台灣可還是硬邦邦
當時世界各國又還沒開始升息 和現在情形根本不一樣時空背景不同只會亂類比
房價不是成本？店租金不用灌到商品去收回？
台灣當房東很賺
房價跟房租一樣喔？股價跟股利一樣東西嗎？
一堆垃圾官員
跟下一篇比這邊只能送噓了
即使CPI只有房租  你要不要去看和中米的佔比差多少?
美國怎麼跟得上台灣
少子化是你們啊 那些官口袋麥克麥克 每天爽推炮 小孩照生
央行的說法有其根據...去看原文內容好嗎...打炒房本來就是選擇性信用管制。利率根本地圖砲而且無助降低負擔阿，繳給上一手或建商改成給銀行
CPI 哪來的房價?
你開店沒買的喔？不影響房東租金訂價？用點腦好嗎？喔 人的腦 跟 你的腦 不一樣 不該相提並論
中央政府部門已退休或資歷深的公務員在台北市買一堆房地產，怎麼可能打房。過去40年來用全國的稅金建設台北市，營業稅也是交給總部所在的台北市，小公務員買個2套房，身價都破億了。
CPI來自房價？
※ 引述《TCB006 (\存股合庫/\榮耀呆灣/)》之銘言： : ※ 引述《alphish (    多麼思念    )》之銘言： : 市場需求>供給時，東西就會變貴 : 所以美國5月份CPI 8.6，就是表示市場需求超大，經濟超好 : 故 升息=> 就是經濟太好，經濟太好=>股市就是漲 : 那現在的跌 只是恐慌性殺盤，是不理智的 : 注意 拉回就是買點！過了這村，沒了這店  大概就是這樣了(楚軒調)。 目前情況就是全世界一起高通膨，外加疫情嚴重國家、超發貨幣國家會惡性通膨。 大概只剩下低炒作的房地產； 還有具有護城河效益的公司如:可口可樂。 你具有專業的工作:如醫生、專利工程師、機師； 千萬人取敵將首級的能力；千萬股選到成長股的能力。 -- 莉斯:很不幸地  台灣無法升息到4.5%以上  台幣可以貶  但結構性很難中高利率 -- ★        ◢█  █◣                                           ★★ ★ ▌ ▌   喔喔喔喔喔！我是批踢踢兔！       ★★★ ◢▔..▔◣     ★★ ★ ★★     ◢≡●≡◣     ★★  ★★，你有什麼特別的願望呢 ★★★     (▕∣▏)        ★★                   ★ ★★   ◢▕     ▏◣         ★★用推文推這篇文章 ★★ 該大的就會變大 --
CPI有房租沒有含房價
只要通膨壓不下來 美國就會繼續升美國繼續升 台灣不跟著升台幣購買力下降=原物料通膨台灣只是還沒反應而已.更不用說台灣沒把房價列入cpi
到底有哪幾個主要經濟體把房價直接列入CPI啊很好奇為什麼一直看到抨擊台灣不把房價列入CPI的推文，是在哪裡有人宣傳嗎？
就你覺得房產是不是生活必需品的一部分現行只列入房租，政府認為房產是用來炒的不是用來住政策如此.當然房地產市場充滿投資客房地產的飆高政府覺得沒事.只要GDP好 CPI好就好
美日英也都沒列入啊！如果只有台灣有列入不便橫向比較
@pg2000，什麼叫就只有我覺得啊，是全世界主流的經濟學家都認為要用房租算CPI，就只有你覺得要用房價你逆向上高速公路，還覺得其他人都逆向嘞
美國cpi房租部分主要是自助屋主認為他房子租金多少一般不會離市場行情太遠  然後變動大概慢一點
房地產是投資，並非炒房
台灣只要蔡ee把瓦斯汽油價格的封印解開，通膨就準備爆了，不過我看她寧可讓中油台電破產
真的認為現在的計算方式合理我也認了..房價飆成這樣
薪資收入跟不上房價早晚爆炸 時間問題而已
房租一堆房東沒在報稅 好奇怎麼算的准
現在已經不用在那邊討論列不列了，反正年輕人自動節育就反應問題了
內政部日前公告指稱台北平均租金每坪僅1095元 你信?
低炒作的房地產？？
台灣房屋自有率高，房貸餘額又創歷史新高，CPI 沒列房價本來就會嚴重失真
台灣房地產是租不如買 感覺房價攤提到房租裡面很合理 房價就是另類的租金啊！ 沒算進去當然失準
我只是覺得奇怪，QE的時候你我手中鈔票真的有變多嗎？結果通膨的時候要付出更多，通膨壓下來之後物價會變便宜嗎？
樓上你怎麼會有QE是造福一般老百姓的錯覺
沒發現每次QE貧富差距就拉大一次嗎XDD 數據自己看
房價有沒有列入跟CPI跟政府重不重視兩回子是好嗎xdd明眼人都看得出房價薪資所得比漲到不合理房價列入CPI 政府就會更積極打房 ? 想太多
光中油還敢降油價就知道台灣低通膨是創造出來的
公務員低估租金，很壞心又不專業，養他們幹嘛，而且每次軍公教調薪都會帶動物價
政府平均房租是總租金/總面積嗎 連陽明山之類的無人荒地都拿來當分母是有可能每坪1000拉
房價是消費品嗎？奇怪耶？柵欄仔邏輯不能好一點嗎？那股價要不要也算進去啊？奇怪耶？消費者物價哪個字看不懂啊？
對啊、我的意思就是最慘的都是底層的人，中層的人輪美國五月份CPI年增率圖表及月增率圖表 圖表中綠色是代表仍在上升的數值、黃色是微降的數值、紅色是降得比較明顯的數值。 年增率  月增率  美國5月份CPI 年增率是與去年同時期相比 CPI年增率:8.6% 核心CPI年增率:6%(核心CPI不包含石油與食物) 有的人會說核心CPI年增率6.02%比4月核心CPI6.16%(新聞四捨五入說6.2%)好了，更比3月 6.5%(新聞四捨五入說6.47%)好。 但是讓我們看看月增率的圖表，再來下結論。 月增率是與上個月相比(這是是5月與4月相比) CPI月增率:1%(0.97%四捨五入成1%) 核心CPI月增率:0.6%(0.63%四捨五入成0.6%) 不看燃油與食物的話，光看核心CPI 5月的核心CPI月增率0.63%、4月的核心CPI月增率0.57%、4月的核心CPI月增率0.32%，每 個月這樣增加，你是美國人你不會覺得每個月都在增加生活開銷嗎? 註：Owners' Equivalent Rent佔CPI權重 24.3%及Rent of primary residence佔CPI權 重 7.4%，因此居住相關(租金)佔CPI約31.7% ※ 引述《rb731024 (還是米蟲......= = )》之銘言： : 果然上調預期也沒救囉，在不強力一點升息 : 到時後就真的通縮也沒得救了吧 : 摳憐啊 :  : 附上中文網址 :  : 5月核心cpi :  :  -- 被動收入存錢筒~ --
流賺錢
推資料
機票持續大漲XD
所以信用卡跟借貸費用又開始暴增啦XD 但壞消息是借款最新情況有開始減緩 有些人已經快榨乾啦
美國人喜歡打擊石油的拜登就該想到這天了，油價飆到150，萬物皆張
已經快借不起錢了，下一步就是還不起，銀行股風險提高
所以我說借錢消費沒問題 怕的是借不起錢消費 問題就大了
歐美想要環保救地球就去買昂貴能源，想要便宜能源的就跟普丁當好麻吉
老美這次受傷最深的是中產 不是貧窮層 沒有食物補助開銷完全就要靠自己保重了
減碳，南北極也快融光了
貧窮層更慘R 哪裡沒受傷
至少人家還有補助在 中產是靠自己硬撐 墜落速度更快
美國人不知民間疾苦，現在飽嘗一下也好
機票跟鬼一樣 不太想出去玩了…
謝謝
還好我暑假機票早就買好了，爽。
Real Average Hourly Earnings: -3%
是阿 今年這種通膨速度 講白點就是在吃老本 之前放水拿到的補助款 消耗的速度根本比專家預想的快還想有足夠的儲蓄可以支撐經濟消費 呵呵
其實我覺得機票還沒有到真的很貴 對比油價的漲幅
機票旅館跟旺季有關   大概八月結束
機票漲了一倍不止，哪裡沒有漲很多？
跟疫情前相比有到那麼高嗎? 還是你跟疫情時比?
之前有調查 好像除非真的不夠錢 不然這次旅遊季一堆人寧願少買商品也要出遊一趟 所以漲幅本來就可預期只是美國煉油能力好像沒跟上 庫存成品油部分要注意
現在也是旅遊旺季 往年旺季時出遊也是不太便宜 2020及2021是例外 當時有出遊的應該都覺得超爽的
這塊問題其實不比原油問題小航空業現在其實也還沒到復甦 所以能趁這時漲價是可以理解的 更別說成本其實一直在往上漲
飛機不用太開心，很快消費者就沒錢了
推
美國儲蓄率剩6.6% 看看能稱多久
美國怎麼不學台灣油電凍漲政府買單阿？
OER RER波動不大但穩定月增 但通膨速度>薪資速度 慘
高油價航空好不到哪裡啦 加上升息 航空一堆貸款租賃的 ㄎㄎ
機票大概有幾種原因  其中之一是當初疫情趕跑一堆人現在人家轉行去惹   人力大概緊縮20%  補不回來
好了啦，樓上不是說通膨只影響窮人嗎，現在是怎樣
航空業找人回去沒那麼難吧 純粹是大家想玩想瘋了
美國各大航空在日前就說需求很強 再加上去年基期低
機票真的貴爆，完全沒考慮出國玩
窮人有補助、食物券，影響不大吧大老闆或資本家如馬斯克、巴菲特去年早就高割離席，沒在怕的。
二手車大降可惜沒用
低收入補助沒跟上物價漲幅窮人也是會覺得變更窮啊當然如果窮人認為人生只要有得吃就可以 那應該也還
馬投顧在高點賣股票，說要買推特，結果現在看來只是高點出清割韭菜
過得下去啦 但我不是能領補助的真窮人 我不知道他們在想什麼
商品消費和服務消費的產能短期應變能力不高，先前封城時，商品消費大增，造成商品通膨，而服務業就業人口失業造成服務業產能下降，現在解封後剛好反過來，商品消費大減，服務消費大增，但是服務業產能已經又先減少，造成目前服務需求和供給落差加大，而美國的服務消費金額又大於商品消費，加上出遊大量增加，而美國的煉油廠產能其實是減少的，看看煉油廠的margin漲多少就知道汽油需求遠超供給。VLO  PBG這類煉油廠今年都漲翻了。原文標題：美通膨加劇 拜登抨擊石油及海運業、重申不干涉Fed決策 原文連結： 發布時間：2022/06/11 07:54 記者署名：余曉惠 原文內容： 美國 5 月通膨率意外創衝上逾 40 年高點，總統拜登周五 (10 日) 重申抗通膨是首要任 務，並再次把創紀錄的汽油價格怪罪於俄國總統普丁侵烏導致物價上漲，同時把矛頭對準 埃克森美孚 (Exxon Mobil) 等「貪婪」的油商，以及「高得離譜」的海運運價。 美國周五公布的數據顯示，由於房租、汽油和食品價格大幅上漲，5 月消費者物價指數 (CPI) 年增率意外再刷新 40 年紀錄，6 月消費者信心指數重挫到歷史低點。 美國總統拜登發布聲明說：「今天的數據，說明我為何把打擊通膨作為首要經濟任務。雖 然關鍵的『核心』通膨率降溫是件好事，但降得不夠多，也不夠快。」 拜登在洛杉磯港演說中表示，美國應該做更多事、把通膨更快壓制下來，並呼籲國會通過 法案，以降低能源成本、海運運價和處方藥價格。 針對運價，拜登說，亞洲到美國航線的九大航商漲價幅度最高 1000%，短短一年獲利翻為 七倍、達到 1900 億美元，「我們要讓九大外國航商明白，他們無法繼續敲詐行為。」 拜登也抨擊埃克森美孚 (XOM-US) 等石油巨擘，要他們別再只把錢拿去買庫藏股，應該用 於投資產能。 他呼籲對油商的庫藏股課稅，「埃克森美孚今年賺的錢比上帝還多，他們應該開始投資、 開始繳稅。」美國民主黨已有議員提議對上市石油公司的庫藏股徵稅。 拜登嚴厲而尖銳的措辭，反映美國民眾對經濟現況的普遍擔憂，即使就業市場仍活絡。分 析師預測，如果通膨再不降溫，民主黨可能在 11 月期中選舉失去國會的席次優勢。 凸顯 Fed 打擊通膨角色 拜登上周在白宮會晤美國聯準會 (Fed) 主席鮑爾，強調 Fed 在控制物價方面所扮演的角 色。白宮國家經濟委員會 (NEC) 主任狄斯 (Brian Deese) 周五重申此觀點，他說：「 Fed 擁有它所需要的工具，我們提供政策運作所需的空間。」 一名白宮內部人士證實，通膨一直影響拜登團隊的決策，幕僚一直不願就減免學貸或取消 中國關稅等議題做決定，他們擔心通膨惡化，也不願給共和黨人做文章的機會。 愈來愈多民調顯示，美國民眾認為通膨和經濟是最迫切的問題。例如華爾街日報全國民意 調查中心的調查顯示，83% 受訪者認為美國經濟「不好或不太好」，35% 對自己的財務狀 況感到不滿意。 心得/評論： 我們要讓九大外國航商明白，他們無法繼續敲詐行為。」 九大航商裡面就有羊腸 世界最大有牌流氓的頭子直接點名 各位水手小心了 --
抨擊不制裁謝謝
老美暴利名單 除了油商 現在又加了航運XDD
來了 民主外送
感覺他們除了軍事很多都落後三個月除此外什麼辦不到 政治干預最強
美國人民正在受苦 拜登爺爺要幫忙拿回被吸血的錢囉
他還是沒搞定碼頭工人跟貨車司機，美股真的要完蛋了
想把問題丟給FED甩鍋誰會接受吃鍋貼的 年底就知道
議員油商養的，跟咬主人要安樂死的
抨擊不制裁 口頭治國 是不是偷酸XD
反正要是鬧大了 不是老鮑就是白髮魔女要負責扛 早就
供需問題 不解決 去解決幫忙處理供需問題的人 ZZ
看清楚要演什麼了
整個地球權力最大的人搞不定油商和航運商  慘
失智登搞不清楚油價為什麼會漲嗎？是油商害的嗎？真失智了，布丁笑而不談
現實是油價越打越高，航運穩了，笑死人，美國倒是一次簽20年長約啊
有夠廢..
你通膨成這樣 要美國本土製造 成本根本不可能變成中國發大財 還想打航運阿?
ㄟ，海運古老族群窮了2'30年耶
失智登...鬆開頁岩油的束縛就好了。
左膠平時愛刁油商 出事了再怪他們不擴產
會這樣說就是還會漲了
說的是事實 油跟海空運是通膨元兇
投資產能XDDDDD
美國本土製造喔，那通膨先小漲300%就不用糾結8%了，一個美豬薪資可以請5個中國工
降關稅馬上通膨就降惹，可是會被罵爆，顆顆
這大概是我這陣子看過在好笑的笑話
頁岩油哪有那麼容易馬上就有而且需要大量開採，才能有效供給
口頭制裁
不符合現況
平常把人家當落水狗打，現在自己有難要人家幫你XDDD
難道你要選川普？
你各位知道你們能在這幸災樂禍是因為中油在坦ㄇ
空頭股神就屬拜登您了～～很棒喔
降關稅也沒用
笑死 完美示範 不解決問題 解決提出問題的人  美國人自己選的 自己吞下去
世界都快被美國拖累了，垃圾
中油在坦？還不是我們納稅人的錢..
白痴 一切都是你失智登造成的 都是They的錯？
失智登又來，你碼頭工人一時罷工一時爽，一直罷工附加費一直漲
左膠就是只會抨擊 但拿不出辦法解決
跟俄羅斯跪下去油價也降了，可是還是會被罵爆
蘋果毛利率43%比其他廠家高這麼多就不貪婪?
民主黨還真是萬變不離其宗
川普狂印錢也沒通膨這麼嚴重，自己上台要搞石油業者 不要怪別人不幫你。
都查幾輪了 一直在查無部分還說敲詐
美國是在家領紓困搞不好都贏五個中國人
美國自己就石油大國 自己不增產怪誰
笑死人，不準油商開採頁岩油，然後罵油商暴利？可憐老人
老拜不肯跟石油公司坐下來談也沒用
川普打貿易戰 也知道要配合挖油和跟沙國王子麻吉來壓通膨
去跟油商下跪啦 笑死
你拜登啥都不要 只想叫fed自己搞定 有屁用？
失智老人
敗登的金主  新能源業者怎麼不快點壓下通膨 還需要石油業者來擴產 不是說高污染行業不給擴張嗎！
再一次都是they的錯
廢物  最該被罵的就是你這個姓拜的臭老人
早就有解答了，進入大蕭條油價運價就跌下來了FED能做的也就把經濟弄爛 回歸正常怎麼上去的 怎麼下來，還會連本帶利
最快最有效的方法就是向中國和俄羅斯下跪，笑你不敢
大蕭條機率不高，因為巴菲特狂買  之後大概高通膨很久
左到低能
哇操 你乾脆實施共產好了
失智登慘
妳啥時看過川普時代美國跟中俄下跪，拜登就不一定了。
想不到共產美國 不是幻想線啊
美國頁岩油和美金就是全世界最強的優勢 一手好牌打成這樣 敗登悲哀啊
“不願給共和黨人做文章的機會“ 跟本島差不多黨的面子>>>>>國民 好眼熟
祈禱中
就說現在最大的問題是驢子拉不下臉啊
期中選舉後罷免吧ㄎㄎ低能左派下去
他們沒真的蠢到不知道問題在哪、該怎麼解決，阿就拉不下臉承認錯誤和得罪金主。
口號治國
左膠就是這樣，以為自己站道德至高點，其他人都得和他一樣。得遵從他制定的規則，但現實世界的人性仍然是以利益為導向的
怎樣？是要放手給FED搞了嗎？不沾鍋嗎XDD
敗登大概是最不會打好牌的美國總統，阿富汗撤軍，產油大國怕油價漲，貨幣霸權不會印鈔輸出通膨。
如果運價航商說了算，前幾年倒閉的是怎麼回事？
都是"他們"的錯 跟台灣現況很像
民主黨跟失智老人到行為這跟台灣有87像
fed只能一直升息搞爛經濟阿 搞成大蕭條就沒通膨問題了
根本低能到不行，坐等川皇投顧回歸
布丁開戰就是因為你失智登太廢了 這垃圾只要在的一
重申有屁用   失智左膠 連油價都搞不定
天 美股就不用漲了 趕快SQQQ歐印滿單卡實在喔
資本主義才是最有效率的齁 人都是利益動物 搞成這樣ㄎㄎ 看你他媽怎麼選期中
美國不會自己產油哦
重申不干涉Fed決策  也就是股市崩盤不是我的鍋
如果川普沒有歧視 拜登懂經濟且膽子變大 美國會很完美
胡自強向黑道宣戰了幾年台中還不是那樣 呵呵
喜歡惡整油商再怪他們不投資增產
這失智老頭，忘了自己大權在握
美國各種龍頭產業也很暴利啊
軍隊協助運輸 開挖石油 升息 做點事會比嘴砲強
我還以為要鼓勵油商增產減稅 油價才會降拜登反而要加油商稅 我不懂經濟阿
我是油商就不擴產等民主黨被換掉，再來考慮是否增產  反正才差一年。
都查幾次了，每次都查無不法，可能又忘了吧
用嘴講講一天又過了^^
看來油價會繼續噴
都是 they 的錯
失智螺旋
不會強制生產頁岩油嗎 智障
切割之術
失智登我的超人
失智老人 又軟又廢 跪油商承認自己失策
是你不開葉岩油吧
不可能強制生產頁岩油的 左膠是環保超人
只會怪別人
@bobjohns ddddst
沒公信力 去年還說通膨暫時
千錯萬錯都是別人的錯
把錢收回去，大家買不起東西，運費就會降了
有種叫阿共別再封城 趕緊把便宜的東西運到美國
正常油商這時就擺爛就好了 管民主黨去死
美孚今年賺的比上帝還多 哈哈
很多災難都是這些主政者輕忽 到最後就不可收拾
繼續失智 頁岩油死不開 油價持續噴
煮爹段來了
失智登… 塞港一直沒解決的是誰? 真有臉蛤
不想辦法鼓勵油商開頁岩油 還要制裁它們 強了強了
幼稚園小孩都知道通膨問題在油 還在失智
航運是爆利阿  主要來自擠兌的哄抬
所有不合他意的都是邪惡的
5月FMC不是已經說查無不法了嗎 這篇記者又超譯 標題下的很聳動罷了 運價就供需決定 並沒有人為操縱
真的失智了 好慘
不是頁岩油馬上就有 是態度的問題 你真以為油供給不足？
閒海運費太高那你趕快解決美國港口塞港問題啊XD
油價一直都是政治問題
真的可憐
美國蔡EE
三碼衝一波
就你在廢
鄉民各各比專家和美國總統厲害
低能兒 有種全部能源糧食都自己生出來
油價越打越高 看來海運要噴了
只會該該叫的廢物
吃軟怕硬 也太爛
石油是你搞的
現在海運新聞還是看原文吧 有心人士太多 記者也曲解原意又只挑某些點放大
對啦都是別人的問題民主黨都沒問題你最棒齁
這種領導人真的ok嗎
關心不介入，震怒
比上帝還多 XD
拜登連任 拜登連任～w
拜登就是做空股市 打趴財富效應 通膨就會下來
拜登再這樣瞎搞 很快就有人想把他弄死了美國人最會殺總統了 等著瞧
唉 不知道該說什麼了
真的失智老人 要是川普早就解決了 烏克蘭也早喬好
川普亂搞都比失智燈強
前十大航商沒有美國企業 （氣氣氣氣
聽說最新民調創新低
上任兩年就要掰咖的掰咖登
美國五月底FMC官方調查報告，運價高是需求推動，航商沒有壟斷行為。這風向看來美港口7/1罷工跑不掉惹
都fed的鍋啊，只會印鈔然後升息又慢慢來落後曲線多少了
民主黨白痴…修理油商，搞到自己要釋出戰備儲油結果油價現在還是降不下來
無腦左膠，失智拜登
看來年底要大敗了 川普在的時候低通膨
供三小 油價會這樣還不是你狂放話俄要開打
左膠就一群智障，能源政策搞死自己
不然你拿航空母艦來免運運貨啊~
失智
你民主黨限制投資"舊能源"，提倡新能源不是？打人的喊救命
油商傻了才會大幅增產
全世界左膠用ESG修理油商兩年 現在踢到鐵板才喊痛
反正被點名的都不會有好下場 民不與官鬥
真的不會當總統 可悲
甩鍋發言  通膨都不是自己的責任
所以解決方法咧？道德勸說油商賣便宜？
說要被修理的都活得好好的
民主黨就是美國民進黨，這樣想大概就懂了
看來fed漲定了
笑死
翻譯：繼續噴~穩了
這樣放話不就是認為油運費會繼續漲 要怎麼解決
神經病問題是油好嗎......運費都跌了
總統不該當正義魔人 道德出征  爵卿逆
拜登只會制裁加稅而已，這兩招只會讓通膨更高
美國中產再支持民主黨就是腦死了
就fed下週直接升三碼，把熱錢趕出場
台灣選舉密碼是抗中，美國選舉密碼是種族。靠意識操作當選的，能期望能力有多好？就甩鍋最會，呵呵
不干預FED 唯一的作為就是推責任給俄國只追求一個政治正確 實質貢獻都沒有 乾脆直接喊MakeLove  No War算了民主黨做事風格老覺得有種既視感 不就是現在的台灣嗎覺青誤國
拜登真的下台欸
分水嶺
油價主要是政治問題，次要是市場機制，拜登真差勁
敲詐行為XDDD
來點會的吧
敗登會不會成為30年來最爛總統呢？
藍鳥六日沒上班？怎麼還沒出現
失智老人不要再耽誤美國了好嗎
油價要不要處理啦
失智老人嘴巴譴責 毫無作為
不干涉但介入
甩鍋甩起來
失智老人只會動嘴
都是they 的錯
失智老人最討厭破壞環境了，怎麼還有臉要求油商開發
蹬蹬還要再選嗎？
能源問題 > 通膨問題 > 貨幣問題 > 經濟問題拜登真的是一步一步走向... 難怪民調不意外外交不行  內政也不行 真的有夠OX
美國自己就加大開採啊 為了利益要藏的
民主黨就是專用左派形象當好人，但裏子啥都不會，要是川普早用這波疫情把俄國經濟用到崩盤，哪可能讓布丁有能力出兵
笑死
禮拜一航運先跌停，表示效忠
 多看看外國新聞
我懷疑拜登是來毀滅美國的
千錯萬錯都是別人的錯
不過航運股價還是會高機率被殺就是了 至少要演給失智老人看
甩鍋嘍～
覺得拜登失智沒關係 但講那麼明白了。通膨影響消費下 運費漲那麼多代表降幅也可以很多，我不要買運價你能維持高檔多久？
失智老人治國 好慘的美利奸
油商不敢增產就是因為你們這群垃圾環保左膠造成的啊
都4 Theyㄉ錯 好熟悉
不介入烏俄戰爭...
你們家狂印鈔票的時候怎麼不會說這些
失智登
烏俄戰爭先停吧
好了啦 失智登
都是they的錯
繼續無意義的喊話
美國人為啥要選這失智的，這跟某島國很像
第一次覺得他比台灣執政黨還廢...
智障
最不要臉最爛的美國總統無誤
最強的航運空軍拜登
相信拜登可以解決的話烏俄戰爭怎麼沒有結束 油價怎麼沒降 運價怎麼高檔那麼久 嘻嘻
不挖頁岩油怪油商真的呵呵
再爛也沒有車輪黨爛  台灣毒瘤
失智登什麼時候要下台
是演給他的支持者看的，這就是支持他的左膠的邏輯
老頭 你要不先搞定碼頭跟卡車工人再來談
打了油價，反漲給你看？教訓了誰？
大概也只有2年前支持把口罩送給中國的那個黨，有比這咖還爛了
中國黨就是要下地獄
自己愛亂搞怪油價太高
美國選民。。。笑死。。。這就是民主
笑死，FED印鈔機之前印的廢紙一堆
上帝也賺不少，制裁一下吧
話說再打壓油商，通膨不飛天喔！我看失智敗跪下來求還差不多，其實看現狀白宮要換人了，誰理你失智敗
哈哈要噴了
笑死 涼了 888888888
靠投票機選上的咖
They的錯
美國左禍危機
真的廢到不忍卒睹
油為何上漲？失智登不敢面對啊整個拜登團隊就很無能啊，他只是個象徵
敗登禍國殃民
老拜真扛不住
1. 標的：006205、00639 2. 分類：多 3. 分析/正文：   之前太過關注美國股市 但是這一週發現台股不大跟小那斯達克 看了一眼中國股市才發現 哇！超級V 在這一個月如果把錢拿去買中國股市而不是美國股市的話 基本都是大暴賺，躺著數錢 而且星期五發布的中國cpi也顯示中國通膨已經觸頂 碼頭處理貨物的速度很快也沒有塞港的問題 上證已經完全呈現老王所說的四海遊龍了，老王對這樣得指數應該是會買進吧？ 納斯達克昨天不只重回四面楚歌，而且還接近破底，各路分析師的方法下去看都是沒辦法 投資的指數 散戶做空限制多 如果不會做空的，或許可以考慮中國股市，線型都還非常美 4. 進退場機制： 我老王派的 四面楚歌，四條均線跌破即出場 --
美國的油價是不是跟台灣房價一樣越打越高
好了啦
= =
現實是上證15年前就在3千現在還是3千
昨天出場了 短線漲多 但的確是比全球股市好多
這幾年大跌是真的 這陣子陸股比很多標的強也是真的沒衝突
昨天出場1/3
原文標題： 高通膨引發升息預測 美股重挫 道瓊下跌880點 ※請勿刪減原文標題 原文連結：  ※網址超過一行過長請用縮網址工具 發布時間： 05:392022/06/11 ※請以原文網頁/報紙之發布時間為準 記者署名： 中央社 ※原文無記載者得留空 原文內容： 美國公布通貨膨脹數據超過預期，恐引發進一步緊縮貨幣措施，華爾街股市今天重挫。 道瓊工業指數終場下跌880.00點，或2.73%，收在31392.79點。 標準普爾500指數下跌116.96點，或2.91%，收在3900.86點。 以科技股為主的那斯達克指數下跌414.21點，或3.52%，收在11340.02點。 費城半導體指數下跌105.814點，或3.60%，收在2831.976點。 標準普爾500和那斯達克指數創1月21日以來最大單週跌幅。 （譯者：徐睿承）1110611 心得/評論： ※必需填寫滿30字，無意義者板規處分 cpi數字炸裂 美股炸裂 道瓊88  那斯達克死一死(414) 下周一台股是否也準備跟著死一死 要拚手速逃跑了嗎 --
請問這看盤軟體是？
川普救我
我台股世界無敵強世界提款機
一個都別想跑
昨天美股就有人偷看答案了 怎麼會有人還敢抄底
沒事，台股最強
送分題。ㄎㄎ
啊年初那些說升息對股市有益的財經專家咧
現在還在股市是錢太多？
台股世界強 歪豬提款機 殃行不升息 症腐狠有錢
台股世界最強
沒事 台股基本面良好 世界不是只有美股 世界怎麼跟的上台灣
有台灣價值就好，台灣number 1
你看台積電那鬼神般的財報 安啦呆股世界猛
政府下禮拜不知道要幫每人賺多少錢了
還好股票都清空了
一直吹台積的，我沒說台積不好，但都沒有想過是Qe造成市場錢太多搶貨的原因嗎？
會被失智害死orz
台積電業績是真的很好啊，只是利空是來自總體經濟
全球走空不要買股票 就不會擔心了
外資：我知道台灣政府很有錢
今年買Sqqq 拉回就買  送分題  不賺也難去信一些網紅只會無腦多，財富會越來越縮年代不同  總經不準了
只剩空單.....
就是要暴漲！印鈔快印鈔！
為什麼有些推文怪怪的
台積很強，難道兩年前的台積就不強嗎？今天的台積有兩年前的台積兩倍賺錢嗎
台股世界強  把台灣人的薪水送給外資提領
這2天真無聊，只能等禮拜一開獎了嘻嘻
別怕 台股有小手手阿
我的美股剩艾克森美孚石油了QAQ
不過是跌回5月底而已，但也還沒到5月低點啊
中國關稅降下去 貨出來 台灣發大災
還真的賺兩倍啊
現在秀台積電帳單只敢秀2年前便宜買的，這2年買600多的都哭暈在廁所裡了
老蘇已經預告過了 你們不聽
我的老天鵝~都不敢開對帳單了，當作錢掉進水裏QQ
沒關係 晚一點還有更便宜的台積可買 讚啦
Amd aaple msft 哪個不是神鬼財報
失智老人拜登基，殺爆台股，殺台雞
台股otc特別強一定有原因
拜登真的超廢，笑死
你覺得抑制通膨的升息，股市是往上機率高，還是往下機率高？
接下來的日子  烏雲籠罩
糟糕了，多哇
高通：膨
首先跟大家說辛苦了，今年特別愛週末。詳細CPI就不看了，反正最高的還是能源。  CPI發布後，升息機率急升。從芝商所最新數據看出，6 7月升息2碼，最糟糕都是9月高達 3碼。 還記得上周Bostic的發言：九月若沒升息是因為通膨顯著下降，不是Fed Put。現在好玩 了，沒通膨下降也沒Fed Put，安全帶繫穩了。  殖利率也明顯反應升息預期 2 10年期都大升，利差做為經濟衰退指標之一，再度接近倒 掛。 10年已到3.16%，與最鷹派官員Bullard說的3.5%還差0.34%。若今年真反應至3.5%，則股 市還會再受到估值修正。  克里夫蘭Fed的即時預測也從8.24%躍升8.62%了。克里夫蘭這幾個月都持續低估真實值， 若下月也一樣，則下月CPI很難低於8.6%。  結論：能源問題不解，Fed棒子不軟，則股市易跌難漲。下周還有15號正式的QT以及16號 凌晨會議，兩大不確定性。我也把美股手中的部位降到三成，如果經濟真衰退訊號更多會 再減。 感恩觀看！喜歡這樣的分享嗎？幫我推文吧。有不一樣的看法，也歡迎留言你的看法！ -- 更多美股/美國經濟分析： --
有黑手 真安心 會收斂啦
這排版...暈
Fed棒子不軟，則股市易漲難跌 <-- 呵
看到某a一直在其他文章凹 真的很難看 要捏覽可以自己捏 不要叫可憐的信徒捏
結論是易漲難跌？
尼結論4不4先寫好
易漲難跌 你還減持?我書讀得少 你可別騙我
易漲難跌～
拜登就只剩升息手段，完全不會談判
9月才要3碼會更刺激，想挑戰美國人冬天不會暴動？
擔心美國人暴動 不如擔心世界吧
？
4-5%才能壓住通膨，還有得升
只能說不一次3碼以上，投資客就是繼續炒，通膨一定更高
易漲難跌那為什麼要降到三成
想看失智登下跪求饒的樣子
MP不能解決一切問題 主要還是政策過於低能
易漲難跌 是不是有什麼誤會
易漲難跌卻降持股？ 空單喔？
我比較好奇，外資大量匯出，也就是買美元賣台幣，相對而言是央行買美元而放出大量的台幣，也就是說台幣在各大銀行氾濫成災，這要怎麼升息啊？
小宇加油～易漲難跌那邊是不是筆誤？
拜登光美國就應付不來了，要救世界是抬舉他XD
油價要跌就是得升息製造崩盤了，消費緊縮造成庫存壓力，才會賠錢賣東西
愛大救我
印鈔票就好啦 哪次不印的 對不對^_^
推
台幣氾濫要怎麼升息？當然是印台幣阿
已經跌了 來不及了
寫不錯啊
殖利率倒掛  跟經濟衰退的關係？  搞清楚一下
推～台股沒開盤，又是一個美好的週末
儘量升，用力升，開始升息油價越升越高，乾脆再從實驗室放一次病毒強迫封城還比較實在
防病毒真的是一個方式
Bostic一個沒票只能嘴砲 為什麼這麼多人管他說什麼
給kkchen 央行賣美元給外資是回收台幣 台幣減少
拜老頭已經下跪了 跪俄爹
看來只能放生司機後讓俄國油出來救世了
推
美股將一去不回頭！
台股不一樣 台股不會輸
別怕。台股有黑手手
按照邏輯來說 既然是易跌難漲 為啥不是先三成空單？
先冷靜一下，市場慣性CPI當天會亂跳，下週一後才會均衡
就拜登不肯開放自家油先解急 現在受制於人很爽吧油油繼續升 我才有東西好買 呵呵
通膨時期高殖利率 空手的話只能保證不賠（數字上）如果結果確定是馬照跑舞照跳 那這波20%以上的收益就沒了 以長期投資的角度 這時空手太傻雖然嘎空手這說法沒道理 但資產和殖利價值是相對的高資產價值低殖利率才有空手的選項…
易跌難漲 你有先問過黑手嗎? CCCC台股就是 要嘎你喵喵的空空最愛送多多錢
關鍵看失智燈?
等待機會
只要有嘴都會打砲
妳各位快放空
推LoL
原文標題：沒閒錢打廣告！微軟恐停止電視廣告活動 以節省成本 原文連結： 發布時間：2022/06/11 07:09 記者署名：許家華 原文內容： 面臨消費者支出恐越來越少，微軟 (MSFT-US) 可能停止其電視廣告活動以節省資金。 《Business Insider》(商業內幕) 援引微軟 3 位不具名消息人士說法，稱微軟公司暫停 電視廣告活動。此前《Variety》報導，微軟將不出席電視業的季前發布會 (TV Upfront) ，即美國各大電視網預賣電視廣告時段的活動。微軟並未回應置評請求。 根據報導，1 位知情人士表示，面對利率上升和供應鏈挑戰，微軟削減廣告支出以避免裁 員。 消息人士表示，微軟 2021 年的電視廣告活動支出估計為 2.948 億美元。Xbox 等微軟各 公司的其他全球廣告仍將由行銷公司 IPG 的麥肯世界集團 (McCann Worldgroup) 處理。 微軟周五 (10 日) 大跌 11.80 美元或 4.46%，收每股 252.99 美元。那斯達克綜合指數 下跌 3.52%。由於最新公布的消費者物價指數 (CPI) 顯示，美國通膨率仍在 40 年高點 ，投資者認為 Fed 將維持積極升息以抗通膨，導致美股大跌。 由於經濟不確定性，微軟也是近期一波宣布今年放緩招聘的大型科技公司。據《彭博》報 導，微軟 Windows、Office 和 Teams 聊天和會議軟體組將尤其受招聘放緩決策的衝擊。 微軟本月稍早也下修對 6 月季度的財務預期。 心得/評論： 接下來很長一段時間靠廣告收入的公司應該會不太好混 包含數位廣告業、媒體、串流這些的 基本上要省成本的時候 廣告費用很常是第一個被砍的 再來才是人事 --
想念川普了
哦！錢不是都在微軟那裡嗎？哈。
買了貴鬆鬆暴雪啊
全世界的錢都在微軟那了
裝窮
微軟說沒錢 笑死
人家在屯錢做最後的禿鷹 傻傻的
通縮打通膨 穩了
布局下一個新世紀好嗎傻傻的
裝窮 笑死
真死到最後再來撿屍體壯大就好2008那次只有老巴吃到最大果實 這次這群頂層的不會再錯過了
現在現金為王~
沒錢假的  效益不大才是真的
所以比爾蓋茲開始會撿地上的錢了！？
幫微軟把拔著急？別鬧了看看你電腦用哪家OS
整天騙吃騙喝說沒錢 笑死
效益最低的廣告項目先砍，現在還有幾個人看電視的
9通膨可能降低獲利   縮減支出  很合理吧
你可能是正版軟體的受害者
沒錢打廣告（X）不打沒人看的電視廣告（O)
正版軟體太貴了造成通膨難道主辦單位不用管一下嗎
我還在等微軟爸爸大撒幣，不然xgp遊戲不夠多
我怎麼從沒看過微軟有電視廣告..
現在除了老人外，誰還看電視？
他又不需要廣告 幾乎必須品了一下
在手機打廣告就好了 去電視浪費錢
我好像也沒看過微軟廣告 都壟斷了還打什麼廣告
微軟帳上現金等值資產超過一千億美金 記者亂下標題
現在還有人在看電視？不是都看網路嗎
我知道你還有錢
你不繳微軟稅 公司還是得幫你繳 除非別上班或自雇
微軟打廣告只是打形象而已 根本沒差但微軟一部分hiring freeze是真的
那個輸入法切換能不能先人性化一點
08年次貸風暴  跌了一年就大v轉  也開始了美國QE大放水 NQ指數從09/11月  1000多點漲到 22/11月  165XX 有了QE後 投資大盤指數成為顯學  基本上有13年時間多頭拉回作多都會賺 但是2000那次真的不一樣 那時候還沒有QE大絕招 NQ從00/3月的4000多點  一直盤跌了快3年  到02/10月只有800點 尤其04年到07年指數幾乎都是死魚盤整  那時候也應該沒什麼人在講存etf 一直到14年指數才回到4000點 等於如果你在.com風暴前買NQ的  要被套14年？ 對照台灣的00/3月也有10000點  一直套到07年/10月才上10000點 也是有7年左右的時間  以前老人說台股上萬點就是賣出 確實在20/6月無限QE以前  有快30年時間台股上萬點之後都大跌 板上應該大都是年輕人  可能有經過08次貸風暴的都是少數 不知道有沒有耆老是經歷過2000年.com風暴的？ 後面怎麼重新站起可以分享一下 --
微軟那還須要廣告...
重新站起來？隨時可以買賣股怎麼需要重新站起來？
當你應該現在退休拿退休金炒股當年老人
有經歷過的人年紀都可以當現在少年股神的爸媽惹
台灣的2000.com風暴還好，08年那波3955資金斷鏈，衝擊比較大反倒是在1990年代的房地產崩盤，衝擊超過股市的下跌，那個時代赫赫有名的公司，現在都要死不活的
那時0050還沒出現 是後來為了國安基金如何退場才弄
有聽過長輩講仲琦抱上抱下沒賺錢的悔恨歷史XDD
出來的 在那之前想要台股大盤ETF要自己設計指數及成份股然後自己按比例買
那時多了個COM或是網路股價就可以漲翻天 就跟之前數位貨幣一樣神奇XD 一堆公司改名就可以狂漲
沒有 因為都死透了
經歷過那時最經典的就是軟銀的孫正義了 堪稱不死鳥
張忠謀阿 那時看錯被笑好久
台灣其實還好 那個時候的問題是傳統產業中小企業大量結構性歇業
2000～2014年是原物料多頭時期，成長股表現不佳是很正常的。
2008 才猛
幾乎都經歷過吧，幾歲的問題
人不在股票市場=沒感覺學生對08年的經濟危機都不一定有感覺了
這根本不用算吧!直接買Nasdaq指數*2抱到現在都發了
一套套千年......習慣就好了...哈
2000年還在大學醉生夢死，ADSL才剛上學術網路時代完全不一樣有啥好參考的
90年代 親戚長輩買了好多2-300塊的英業達，讓我一直到今天都覺得這間公司股票很貴
2000年我還在媽媽十塊
@Alwen 不對那一波很多人爸媽失業減薪限縮超有感
這次不是2000/2008可以類比的，要去比更早之前的惡性通膨講白話一點，2%以下的低利率時代結束了，會回到2.5%以上的中性利率
2000年台商西進中國嚴重，起薪文36K理42K開始崩盤
融資追繳令 狂發 每個禮拜都在發
投資大盤指數的作法又不是QE之後才有…
我還在跟隔壁同學畫桌子界線
直到2009年22K政策又把起薪大幅拉低，本來沒那麼低
印象最深刻的是，2000年，那一年報紙還在吹捧台積電營收創新高，前方看不到烏雲
剛出社會賠光2年存款50幾萬，08後慢慢全賺回來，不急找飆股，長抱GG等，目前還是很舒服
前方沒有烏雲有多種狀況 其中一種是烏雲從後方飄來
你要先看一下那時網路股的本益比多誇張
投資全市場的方法問世已超過四十年，跟QE沒關聯，你沒聽過不代表它不存在。台灣大盤報酬是看加權股價報酬指數，不是加權股價指數。
然後前方看不到烏雲那句是張忠謀自己說的 XD
遇到樓上，同樣股齡的，握手
握手 但是我的股齡很難算 如果算進號子的時間點 台股都還沒破千點 還是手寫黑板的時代(我老媽帶我進去的 應該是國小中年級)真正開始有較大資金投資 那是最近10年所以台股破千時我印象很深刻 報紙有大幅報導
08金融風暴比較恐怖。2000.com只是電子產業過熱修正
3955時連動債剩1.2成….恐怖的
單看指數當然烙賽，要看含息報酬率才會準。
說08比較恐怖的，都是沒經歷2000年景氣大好，股市仍不斷下挫，災難一波波（911），低點還有在低點的慘況。
2000年 我還在地上爬
2008跌至3955，很快就拉起來，2000緩跌3年，建商倒一堆
y2k和08年跟現在要發生的崩盤比起來都是小菜而已
有沒有經歷過第一次石油危機的前輩
2000年那次台灣算是完美風暴 產業外移+國際泡沫破+首次政黨輪替 K黨資金大幅套現(一方面避免被查 一方
Y2K那時侯一直傳千禧年電腦危機，結果什麼都沒發生
面也給新政府難看 再一方面也是要資金西移)
反正有QE就無敵
西移真的嚴重，發大財的有，逃回來的也不少XD
呵2000泡沫算啥 今年有更大泡沫^^
中華民國八十九年二月九日   這個日子很有意思 查一下國安基金條例就會看到首次公布施行之日 當時的時空背景是知道可能快要政黨輪替了 以前是所謂黨政基金護盤 黨基金很可能不能再玩這套 所以很快就把責任交付給國安基金 只是阿扁不太懂經濟中了套 國安基金八千點進場護盤 套了好幾年終於接近解套 規劃0050來出場
去看思科不就知道了 就像現在的台積電 人人吹
國安基金1.0護盤標的還有錸德這種 這個年紀不夠的少年股神都不知道這是做什麼吃的y2k那個其實是還好 當時真正的主機等級是*nix 這個
911，台塑隔天39，老人根本不知道什麽是com，不過千
在1970年代時一開始就是能吃到203?年(確實時間忘了)
元金融，鴻源投資啦，會死的早就死了！
 只是UI表達時如果只顯示2位數或是一些考慮較爛的系統真的只抓末2位數在比較時間先後的才會出問題 花點錢改一下問題不大 主要是唬一下當時.com肥羊危機很大 相關軟硬體類股必須大漲
那時最可怕其實是阿扁第一次當選，第二次當選就沒幾天，現在誰管誰選上！
沒感覺。但資金都吸到對岸很有感。很多家庭代工的工作消失不見。傳統工廠每天都在關廠到對岸設廠
套十年跟下市一堆給你參考一下
.com風暴算起來其實還好 重點是01年的911
我那幾年跌最凶就是阿扁當選，跌的真得很有感！再來就是，08年天天跌停，除了這兩次，只要不是很貪，否則不會跑不掉的！
一張不賣奇蹟自來
911砍的，都砍在阿呆谷了，台塑隔天39，allin分紅配股加資本利得，哪會慘
911之前美國整體景氣不算差 受網路泡沫影響的投資人比起08跟現在少很多
兩顆子彈，麥克風的書說鬼指玩家很多被抬出去
網路泡沫那個年代網路企業還不知如何賺錢很多.com企業吸很多流量 靠投資人養 但沒啥營收股價炒很高結果2000年泡泡就破了
阿扁可怕是從來不知道政黨換人也可以跌這麽多而且無量，但是回頭看那時貪的人真的發大財！
有啊那時我國小 空手度過危機
哪次不靠放水 藥越打越大針罷了
撐下來 或是 2000後成立的網路企業如google就很懂得如何把流量轉成收入
現在成功要感謝賈伯斯
97年左右在美國唸書畢業的學長姐，基本上會寫helloworld就有工作了，網路股一堆新創公司急著燒錢
2千那次美國比較慘，08次貸是全世界都慘，等級不同
.com泡沫之前在紐約一堆同學去了網路新創公司領股票，後來大部分都變壁紙，乖乖回銀行IT部門工作
順勢操作根本不會套成這樣好嗎被套的都是凹單，逆勢凹單，順勢凹單，多空雙巴
人在股市的確會感受比較深沒錯啊
板上有貼過台中黃媽媽的故事，靠銀行人情熬過2000，學不乖繼續融資，2008抬出場
有經歷過2008年還活躍論壇的比較多;2000年泡沫被抬出去的鮮少還在玩股票;都已經是個雜誌的文章標本了
07年10月沒有上萬  0708年沒有上萬點就下去了原來是指那指 那有上萬
有啊 你去看pchome當時多少錢
當時一堆人做個爛網站就當董事長總經理等人收購
其實2000與20008不賣股的人。一直抱到現在都賺爛了世界級龍頭股。就是一張不賣奇蹟自來
兩千年就炒的就是現在的NFT虛擬幣 完全沒產值的東西掛個網路公司沽值就跳好幾倍 問題是都還沒開始賺錢08年系統性風險 不管好壞都殺 自然一年後就回血
那時只記得某.com公司，新上市當天華爾街系統當機30分鐘，重新開機後股價漲了好幾倍！
好像當時跟網路有關的公司 評價講的不是本益比而是本夢比 XDDD
找我？不想跟你說耶基本上2000年投資所謂有前瞻性的公司，放到現在就是垃圾
.com那時候基金套超久，最後解套賺一點閃
台灣2000年是炒連戰概念股啊(X
當時Index fund都發明多久了還在沒人投資
04-07哪有死魚盤整，明明是上升坡，沒有04-07的上升坡，08年是怎麼跌？要從哪裏跌？看好K線再發問好嗎？
時代變遷 以前股版說千萬不能接刀超底 現在相反
我比較想知道 如果2000年最高點買Nasdaq*2指數型ETF (試算如果那時就有的話) 一直到現在 可以賺幾倍? --
網路上一堆回測... 可以自己找看看
知道賺幾倍幹嘛 又賺不到 算心酸的
買那幹嘛? 早知道就該歐印比特幣
網上有回測TQQQ，現在還是虧損。
自己不會算？
內扣扣光
歐印比特幣主要有兩個問題 第一當它真正開始漲起來 最早期買的可能已經遺失相關資料了 當時看到201x開始漲到幾千鎂時的人 通常不敢壓身家 少數給你壓到身家 漲多少就賣掉不知道 最後有信仰敢壓又敢加的人 高點可能沒賣 現在績效是否為正還要算一下真正有完美信仰的 理論上應該不會賣 一賣就代表信仰不夠堅定 真正堅定者要像宗教殉教者一樣 一直擺著 直到真正拿來交易巷口蔬菜水果的那一天來到還有 一拿到月收入 留下基本生活費之外 其他全部換成BTC 這是為了進入BTC主再臨之日 進入神的國度 XD
BTC也很奇妙 昨天美股殺爆 BTC沒啥動？
歐硬德國韓國0:2幾倍 巴西德國1:7幾倍
這麼麻煩幹嘛 連續買個5期大樂透 每期頭獎比較簡單
要買比特幣不如買bit大魔王幣，Lol
文章中的這段話 ‘’尼就今年下半年或明年挑葛點 : 然後大概三五月之前挑葛點當cpi高點 : 隨便畫條線 : cpi就是一路下滑到那時候‘’ 在廢德提供的資料就找得到了  但目前這些資料可以全部砍掉重練 油價接下來往150邁進 今年挑不出CPI高點 之後CPI上看10% 論述了一拖拉庫  油價上漲的效應直接蓋掉二手車跟高基期  CPI今年九月前要急墜  股票 會墜得更快捏 跟著老巴走  但不追高 跟之前抓到波段起漲的SQQQ一樣 星期一掛單OXY季線加碼！  預祝各位在這情勢非常明朗 送分題的情況下賺大錢 SQQQ  OXY 買入就..... 捏緊！ 等待下一個大利空來臨。 至於台股 我也不再多分析了 大盤要大跌就是靠台積  外資繼續大賣的姿態 破近期前低指日可待。 ※ 引述《a000000000 (比古A十郎)》之銘言 : ※ 引述《YiGangYiTiao (一肛一跳)》之銘言： : : 之前有篇新聞 : : --- : : 前FED官員：為馴服通膨巨獸 FED需刻意製造崩盤 : :  : :  ZeroHedge、路透社報導，瑞士信貸的Zoltan Pozsar是華爾街最受敬重的策略師之一 : ，曾 : : 就職於紐約FED。他說：「我們需要『伏克爾時刻』(Volcker moment)...這裡的Vol意 : 指『v : : ol』---意即波動性」，換句話說，Pozsar認為FED需要讓市場崩盤。 : : Pozsar認為，FED應該要避免衰退，衰退會消滅最溫和的通膨---薪資成長。他建議FED : 主席 : : 鮑爾可以拉高波動性，他說：「波動性是風險胃納和風險資產的最佳警察」。為了改善 : 勞動 : : 供給，FED也許應藉由波動性，製造房市和風險資產的修正，如股市、信貸、比特幣等 : 的回 : : 檔。 : : - : : 想問一下為什麼崩盤能夠抑制通膨？ : : 先別說運輸塞港問題沒有解決這件事，純討論升息降息通膨 : : 我以為日常會碰股票的人畢竟不多，而且如果股票預期會崩，就會有更多人賣股or觀望 : ，手 : : 上持有大量現金的人也找其他標的物，結果造成更嚴重的通膨？ : : 我經濟學不好，版上有大神能解釋一下嗎？ : : : 沒   不是崩盤抑制通膨 : 是升息造成崩盤  升息也抑制通膨 : 崩盤跟抑制通膨沒有直接的因果關C : 很簡單想一下 : 升息=房價跌->營造疲軟 : 美國建築業雇惹大概5%左右的勞工 : 麻不過通膨R升息R這些東西 : 要先習慣fed做事情的順序 : 第一件事就是用嘴巴講  先嚇嚇尼 : 而且這都有效 : 像美國房貸利率就已經先噴惹 : fed只是講之後要升而已 : 我說一下我對通膨的看法好惹 : 我是很懷疑那些講話鷹到爆的人到底是騙子還傻子 : 美國去年cpi爆噴大概兩次 : 第一次三到五月間 : 從很慘的不到兩趴  噴到五趴多 : 一部分油價 : 另一部分我去年也有講過  就是車價 : 新車大概貴一成兩成  二手車貴四成 : 不過當時沒人在乎 : fed也覺得反正供應鏈的問題麻 : 第二次大概九月 : 糧食價格開始上漲 : 然後cpi就跳到7趴多去惹 : 糧食跟油價跟供應鏈都有關C : 新聞裡面一堆超市吃的啥的貨架空空 : 到惹一月 : cpi 7.5% : 豪恐怖R : 實際上去看fed自己的分析報告 : 還有其他數據 : 有些東西很有意思 : 首先是糧食 : 糧食價格雖然持續往上 : 但是fed一月報告上說 --
今年財富密碼 無腦多台字輩
現在買油公司是看我拜登沒有？
失智老人的確是被看沒有沒錯XD
你的台積480講很久了，反指標
你會贏
跟你同方向超危險，都要怕你發文被嘎飛你就是個雜空，只會看線圖出場，所以才會被嘎飛
跟單SQQQ有賺 給推佛心分享樓上 人家SQQQ買44是嘎在哪裡？ 縱使更之前被嘎也有停損價 又不是無腦跟單= = 你在崩潰什麼
你才崩潰，笑死，你要不要去看他發文紀錄多數他發文都被嘎飛，這次是他賽到cpi爆炸跟他對做勝率很高，不是全勝，但勝率超高你去比對他過去發文之後台積跟SQQQ走勢這人超級反指標，對了一次就超爽，根本超菜
教主這篇是二月的文 www 記很久哦  (敲碗)
記很久是因為他反指標時間超久啊，終於可以嗆教主不然之前都是他發文被嘎之後，教主笑他他有沒有反指標 a他id看他過去文章不就知道
我先被搶先了 可惡
之前他也發過SQQQ爆炸多，然後呢，然後就停損了一堆拉，他發文後被嘎機率太高會停損很棒嗎？雜空會停損還是雜空啊～
這ID老早黑名單了
之前他也是講什麼碰年線，通道多頭爆量什麼的跟這次一樣，然後買在起跌點被嘎爆我跟他同向sqqq被他舒服文嘎飛過，就很小心他了你要跟他單很好，那就看運氣吧哈哈這次CPI爆炸，但是納指跌幅沒有之前跌幅4%以上好好想想為什麼這次cpi爆炸，納指跌幅不如預期吧
歇斯底里的 沒設停損吼？人家有設停損 你怎不說zzz投資新聞與評論百百種  自行判斷對錯承擔盈虧   投資虧損怪他人反指標與自己同向不太好吧
我有說設停損啊，我不是說他設停損有很厲害嗎？42進場38停損是10%耶，你喜歡跟就跟啊一直反指標一直停損會一直爽嗎哈哈
這是會不會又成為反指標呢==
人不會這麼倒霉次次都反指標，重點還是通膨不是他CPI爆炸就是空SQQQ，昨天開獎就空就能賺8%漲幅CPI爆炸就是多SQQQ，昨天開獎就買就能賺8%漲幅
忍很久喔開戰前的文尼想酸就酸八   沒在怕
壞掉的鐘一天也會對兩次 不以人廢言 這次就是說對了
蘋果哥可以看線圖知道會發生戰爭跟通膨爆炸好厲害如果這麼厲害就不會前次買sqqq年線位置被嘎爆
這波CPI數據美股大跌我SQQQ也有賺個一萬多鎂，不過我還是很尊敬教主的
如果你買過三倍槓桿 你會發現停損設10%在轉折震盪時非常大的機會 兩天就甩出車了 然後車子一去不回.原文標題： 牛頓也被割韭菜！央行回顧1720年「南海泡沫」　投資人慘賠血淚史 ※請勿刪減原文標題 原文連結：  ※網址超過一行過長請用縮網址工具 發布時間： 2022-06-11 10:48 ※請以原文網頁/報紙之發布時間為準 記者署名： 記者李錦奇／綜合報導 ※原文無記載者得留空 原文內容： 302年前（西元1720年）的今天，引爆了金融史上知名的南海泡沫（South Sea Bubble） 事件，原本被吹捧的股票，股價暴漲10倍，就連英國國王喬治一世，都買了股票， 沒想到，最後股價崩跌，成千上萬家庭受害，據傳就連知名物理學家牛頓，都被割韭菜， 慘賠2萬英鎊（相當於1位技術性勞工工作600多年的薪水）， 而這件事也被稱為近代歐洲3大泡沫事件之一。 我國央行臉書，今天也特別發文回顧這起事件。 以下是央行臉書全文： 小編先前曾與大家分享史上三大泡沫中的二個泡沫—鬱金香狂熱（tulip mania） 與密西西比泡沫（Mississippi Bubble），最後一個粉絲敲碗作業來啦！ 今天就來看看英國在1720年的南海泡沫（South Sea Bubble）。 要說南海泡沫的歷史，得從故事的主人翁南海公司（South Sea Company）說起。 1711年，英國政府因戰爭積欠逾900萬英鎊的龐大債務， 遂決定接受倫敦商人George Caswall、John Blunt的提議，於同年成立南海公司， 藉由以債權換股權的方式，讓英國的政府債權人從無數個，變為唯一一個， 也就是南海公司。 英國政府的債權人將英國國債，轉換成南海公司的股票後，每年可固定收取6%的股利； 至於南海公司，則取得由英國政府授予與西班牙南美洲殖民地（當時彼等稱作為南海） 貿易之壟斷權，作為回報。 南海公司以銷售英國若干商品、販賣非洲奴隸等貿易活動的龐大獲利，將回饋公司股東， 作為吸引投資人的宣傳手段；此外，南海公司與英國政府的合作關係密切， 讓人們產生似有政府撐腰的錯覺，以為投資這家公司，未來就能賺大錢。 1720年4月，南海公司又再次提出向英國政府融資的大型以債換股計畫， 藉由「南海法案」（South Sea Bill）的通過，取得南美洲貿易壟斷權。 於是，南海泡沫愈吹愈大。南海公司股價從1720年1月的約120英鎊，上漲至逾300英鎊； 迨至同年夏天，南海公司股價已飆漲約10倍，達到約1 000英鎊的價位， 帶動倫敦股市大漲。 據外媒報導，當時從英國國王喬治一世（George I）到女僕都買了南海公司的股票， 交易盛況空前。 其實，南海公司向股東承諾的貿易活動和豐厚利潤，始終沒有真正兌現； 其真正從事的業務，恐僅是將政府承諾每年給予的利息所得，再轉發予投資者。 不久後，英國國會爲打擊「泡沫公司」（bubble company）， 於1720年6月11日通過了「泡沫法」（The Bubble Act）， 除經皇家特許外，禁止新成立任何股份公司，致股市投資熱潮開始退燒。 影響所及，南海公司股價從1720年9月開始急遽崩跌， 迨至10月，跌幅已逾75%； 南海公司股價驟跌後，社會各個層面幾乎無一倖免，成千上萬的家庭被毀， 尤其是投入鉅額資金的社會菁英與機構。 據說，知名物理學家牛頓（Isaac Newton）在南海公司股價起漲時，曾小賺7 000英鎊， 但因抵擋不住南海公司股價持續飆漲的誘惑，又再度進場，最終被割韭菜， 慘賠20 000英鎊收場。遭 逢此一打擊，牛頓說了一句名言：「我可以預測天體的運行，但無法預測人類的瘋狂。」 （I can calculate the motions of heavenly bodies  but not the madness of peopl e? 小編很好奇1720年在英國慘賠20 000英鎊是什麼概念呢？ 查了一下，居然相當於一個技術性勞工工作600多年的薪水！ 可以買上185匹馬或240頭乳牛！牛頓真的賠很大啊！ 南海泡沫破裂，當時輿論嘩然，各界群情激昂。 文人墨客以詩歌、諷刺漫畫和舞台戲劇，抨擊市場和那些被認為的始作俑者。 英國國會展開調查揪出元兇，南海公司董事會成員被傳召到國會出席問訊， 當中有位居內閣高官者遭受彈劾，據說私人資產被沒收補償投資人。 時任英國財政大臣John Aislabe也被撤職，甚至一度被羈押在倫敦塔裡。 南海泡沫凸顯了投資者盲從、市場貪婪與金融監管等問題。 伴隨南海泡沫破裂，股份公司紛紛倒閉； 最後，倫敦皇家交易所只剩3家股份公司可供交易，也就是俗稱的「三姐妹」： BoE、東印度公司（East India Company）及南海公司。 超級比一比，小編先前介紹過的密西西比泡沫，雖與南海泡沫同在1720年發生， 但有何不同呢？南海泡沫已被後人視為金融醜聞案件， 至於密西西比泡沫，紐約Fed官員與前布朗大學（Brown University） 經濟學教授Peter Garber都指出，密西西比公司其實很認真地發展殖民地貿易， 基本面相當穩健，主要的問題係出在失敗的貨幣實驗（發行銀行券、固定股票價格）， 從而導致短暫的惡性通膨（hyperinflation）。 不過，不管是南海泡沫，還是密西西比泡沫，以結果來看，投資人都是血本無歸啊~~ 關鍵字： 南海泡沫 ﹑ 央行 ﹑ 股價 ﹑ 投資 ﹑ 股市  心得/評論： ※必需填寫滿30字，無意義者板規處分 央行於今天跟大家談起南海泡沫事件 儘管學歷史不見得可以學到教訓 但至少聊以慰藉 (補充一下 牛頓當年任職皇家鑄幣局局長  類似於現在的央行總裁) 話說牛頓被割韭菜 我也被割韭菜 牛頓沒結婚 我也沒結婚 四捨五入的話 我應該跟牛頓同等級吧 --
..
牛頓：鞭屍啥小
牛頓：女王救我
那有女友應該算屌打牛頓!？
意思是現在的台股也是泡沫 要崩盤了3955不夠看 這次只剩955
牛頓是沒結婚 沒結婚不等於處男吧
我在天上飛！
搞不好牛頓兩三天就吃魚喝茶一次誰會知道
你是沒錢的牛頓
你就差發明微積分惹  加油
央行是真的吃飽太閒還是打預防針呢（？
牛頓：早知道發明指數期貨
央行在暗示未來走勢嗎
放空大賺
牛頓化成灰 你也化成灰了嗎
國王：國安基金快出來幫忙啊！
由央行在房地產泡沫中的作為看來，顯然沒有學到教訓！
他賠185匹馬，一匹現在算台幣150萬大概2.7億，醒醒吧，你沒這麼多可以賠
600年，所以損失到今天還在攤銷呀XD馬也有很便宜的啦，幾萬塊台幣就有
賽馬才有150萬 普通馬應該沒有100萬不過就算除十倍還是非常大的數目
所以呢？台灣有什麼泡沫？央行的作為又是什麼？
央行在臭自己嗎，總統府也有高塔可以關央行總裁XD
NFT會接棒成為下一個泡沫
我想不通英國國王買股票要幹嘛
牛頓根本韭菜
牛頓活著已是歷史偉人 他在乎錢嗎？
NFT早就破了吧英國是貴族合議制  國王權力沒有很大。會想賺多一點正常
跟現代一樣啊，生技業也是裙帶關係滿滿。外國還有農用馬，馬車馬 抓均價7000美大概是120萬美金
難怪可以當學者，這麼有錢
牛頓：你不要再說了
講nft泡沫破的知道一隻無聊猿還是要價500萬嗎
沒賺到錢就算了 還每次都拿出來鞭 虧損真的要引以為戒
是不是有人在偷臭==
可惜金本位還不能開印鈔機
牛頓在現代台灣會做多地心引力嗎
怕
感覺央行自己也覺得會崩盤？
推央行真好心  提醒牛頓們快逃
把下跌牽拖給世界偉人真的有夠噁欸
吃貨
原來我比牛頓還厲害 因為根本沒錢被割
央行突然講這個幹嘛？感覺怪怪的唷
為甚麼要臭牛頓-.-
英國：南海是英國自古不可分割之固有疆域
央行在示警了！還是乖乖烙跑吧！
塊陶啊
逃不了腳都麻了
牛頓發現地心引力 是因為線圖的關係嗎
一個月三萬.年終一個月抓一年40萬，600年是2.4億欸
只要有心，人人都可以成為韭菜。
異常流行幻象與群眾瘋狂
牛頓：……
雖然沒算到MSCI調整會噴GG 曾經被嘎了200點 也因為那根噴GG 被笑掉大牙 但調整後指數已經慢慢修正 目前最近預測 已經從我上次發文後改變 6月的1碼變成2碼 9月的1碼變成3碼的機率高  公債殖利率有機會破4% 短期內 指數應該還會修正一波 電子產業應該比傳產受傷更嚴重 以鬼指的屎尿個性 星期一及二可能還是會開低走高 星期三可能會拉高結算 建議有拉高還是可以佈空單 我另一個帳號改空電子期 預計下星期加碼進場點位 753-765之間 停損點位770或重大政策改變 停利點位破710  ※ 引述《WEYNI (幼稚園~~小班.. )》之銘言： : - : 1. 標的：  台指期 : 2. 分類：空 : 3. 分析/正文： : 由於上星期預期通膨問題解決， : 預測機構對於9月美國升息的機率不斷調降， : 造成全世界股市大反彈， : 小道目前已經反彈快3000點， : 小那目前已經反彈快1000點， : 已達到過去強彈的滿足點。 : 預測機構於今天中午過後， : 不斷調升9月之後美國9月升息2碼的機率， : 與上週不斷調降不同， : 預測星期四、星期五晚上， : 開出來的非農與非小農數據可能不符預期， : 目前9月升2碼的機率， : 已從上週五的35% ，調升為41-43%之間， : 所以選擇此處進場佈空單。 :  : 猜頭空 小部位3口 : 4. 進退場機制： : 進場位階：16600-16700 : 停損：16850 或是升息機率低於上週五35% : 獲利出場點：15100-15200 --
台股真的很好猜，開低走高
菁英空軍
崩盤辣 老酥的百檔跌停來了 給他空空空下去
這次是真的要下去了
台股黑手不會放手啦，就跟政府說要打房一樣
過去一個月 開低走高30天當中有28天 到底要怎輸然後有15天 嘎100點以上
ccc
過去1個月 夜盤做多機率 30天當中也是28天贏反正開低就是做多 每次鬼指都會送一百點以上給你
請問誰可以解釋為何每天都開低走高？錢是哪裡來的？
可錢不是都從人民這邊收來的嗎 然後拿去賠
加入空軍，賺到抽筋
菁英空軍 致敬
已歐印SQQQ 明天財富自由
開低走高真的是台股常態
每天開低走高就是你的退休金在護盤
推
推
預計6月的CPI會見頂 所以空單應該會抱到這月
怪油價簡單，但美國這波通膨不單純是能源的問題 追根究底就是之前fed印鈔太多現在還而已，尤其上波疫情 全民灑錢那就是東西一致上漲 看扣能源食物的核心通膨都有0.6% mom，房租、服務、日 常用品什麼全部都在漲。尤其房租通膨年率也是5%多，住 美國的應該很有感，到處都漲得誇張 去年看到美國缺工然後工資大漲應該就很容易預期了，工 資漲代表你服務業的人工成本就要漲，那連帶就是各種價 格一起漲 再來嘛fed寬鬆到上癮了升息也愛升不升慢慢來。就說看歷 史上這種數字的通膨利率也早該是兩位數附近了，結果現 在fed名目利率還在那邊1% 2%的，錢收太慢當然物價就持 續漲，反正漲到經濟衰退大概就不漲了：) --
不是L盤，我都不信
米粉:米帝不印鈔你早就經濟爛掉惹
你是要利率直接升到2位數?那房貸信用貸款直接爆掉直接變2007金融風暴 銀行也爆掉
當初就不該吹泡泡的，吹出來了然後才在說泡泡不能破：D
事後來看當然覺得自己最聰明，回到過去你也是一樣不知道啦
經濟衰退 貸款還不出來還不是爆
印了一堆錢，但看看那精美的匯率，你就知道誰才是贏家了
你知道停滯性通膨嗎
因為歐洲日本也在印啊，現在就全球比爛
只用用升息想打通膨 要直接升到經濟大蕭條才有用
主要原因是要一次賺回來，之前0收入。
窮到沒錢吃飯 當然不會買任何東西 通膨就下來了
畢竟物價上去漲太少就跟智障一樣
現在美國援烏的錢 也是加印的嗎?
經濟大蕭條，可憐的是年輕與中壯年，
除非打贏俄國 才能把這痛苦轉移給俄國吧
絕對是被犧牲的
這十年QE 該犧牲的早就犧牲掉了 有差嗎XD講的好像這十年搞得很好 出生率是一直下降的
房租通膨就美元之前印太多的後遺症啊
直接四碼了
房價炒上去  房租就跟著漲上去
這次爆開只是這十年所結下的果終於發酵了罷了
現在比較麻煩的是糧食類通膨  Q3小麥收割才會好轉
沒有這次也會有下次 而且不遠 QE是越來越快 因為金融環境越來越不穩定 其實環環相扣
但是散戶要能撐到下次QE阿 除非早就離場空手或做空不然錢套死在裡面說不定到下次QE也不會解套
金融環境實際上是比較穩定的  = =這次可沒聽到甚麼金融海嘯  也沒有大銀行倒閉
現在收QE已經太慢了 人口結構完全崩壞
你們先看一下過去幾次經濟大波動長怎樣好嗎
哇你好聰明
人口結構哪有甚麼崩壞  自動化取代越來越多低階人力為什麼你們看到的世界跟我好像不太一樣
貨幣政策不是萬靈丹 要搭配正確的政策才有用就像是QE要搭配大規模財政支出 現在緊縮壓物價時期
說美國很有感 結果在臺灣 喔4喔 一點小漲價而已
拜登政府只說都是They的問題 自己都沒問題才是問題
去年就該升了，葉倫廢物
現在的狀況根本都還是可控  在逼產業轉型而已.
你認為就你認為囉 反正這十年只要波動性大跟流動性出問題就來次QE 反正QE萬能解阿 就看這次Q不Q得出來囉FED是自己把自己逼到沒啥路可走的 沒啥好說的以目前情況 別說3% 可能硬升到2.5%以上 市場就會出
拜登失智啊 說會用一切手段打通膨 結果一堆更有效的方法不用只想用嘴巴跟升息 可悲
早就不只油的問題了
問題了 這陣子流動性數據早就在警報
美國瘋狂印鈔 就是這種下場
2008後穩住了銀行體系 但代價是造市系統的改變 不是沒有代價的
不趕快升息和收錢 下次就沒工具能用了
全世界劇烈通膨 尤其是動到糧食跟能源 說是逼迫產業
幹嘛 拜登屁話這麼多 還不是得吞
轉型 知道自己在鬼扯什麼嗎
油太貴買不起便宜二手油車 改開超貴的特斯拉阿有錢的左膠邏輯就這樣 吃不起麵包不會吃牛排嗎
就是印太多錢利率升太高政府會倒的
他的意思不是說利率要直接升到10%，而是說你現在這種利率無法完全解決通膨問題。理解能力有問題的人真多
現在FED早就沒啥招了 要升也不是 不升也不行 他才剛
現在跟著教主起舞在說油車糧的也是傻，重點跟根本不是油車糧
升息 FED本身就開始大賠了 等於升越多賠越多 所以我說他是自找的 這10年的因果總是要還
fed不升也不行 民主黨把政治責任都推給普丁跟fed
一堆人還是看多，進場抄底啊
他不能不升 不升到時金融信心瓦解 美元體系會重創
這也是老鮑他們得底線 再怎樣信任度都不能瓦解
民主黨一直灑錢，升息國債壓力也是很大
老美財政部這幾年要自立自強了 反正FED是會有好長一段時間帳目是虧損 所以不能提供資金挹注了
美國QE是原因之一 但其他國家擺爛也是原因以美金當本位的金融市場 其他國家不敢大量舉債替美國分擔金融負擔 靠美國資金當柴燒 總有一天會燒完 你以為其他國家央行是傻子看不出來嗎不然就是變成經濟大蕭條 不要過度生產 一堆人失業美國是主角 德日英法中也是主角 大家一起演戲罷了
通膨高死窮人，一次升息升滿是一起死
升息高 美國窮人不會死啊 物價壓下來再加上政府補助就夠了
以民主黨的尿性搞不好高通膨內心爽的很，但為了選舉也是要騙一下
這次會發生能源危機 而且是無法想像的地步
各國通膨不是Fed印錢...是財政刺激撒錢+供應鏈問題…QE真會引起通膨 日本？前幾次QE? 之前歐洲？
QE不會通膨那還不趕快繼續印。說什麼鬼話
先解釋下為啥QE一大堆 日本 美國之前都沒通膨現在收QE是資本市場爛頭寸太多隔夜RRP都來到2兆多了QE要真能通膨 日本 歐洲以前就不用煩惱了
供給面的問題無法用貨幣解決缺糧缺油缺運能缺工 就是不缺錢
美國通膨的起因是去年拜登一上任又多灑了一次救濟金導致更多人已經打了疫苗還是賴在家不工作超額消費
搞了一堆泡泡然後說泡泡不能爆？那就直接硬著陸吧你
日本的問題是老人比例太高 而通常老人的累積資產也比年輕人多 但老人的消費力道極低拉低了整體日本消費力 想想看一個國家有三成的人不消費 這是一件很可怕的事 日本年輕人再會花錢都沒用 歐洲有些國家也是這樣 老年人口太高了至於美國QE先打個問號 因為現在的通膨是QE影響那為什麼不是在2020年就通膨了？當時很多人拿到川普政府的補助金 買了很多筆電 家庭園藝 家具 和電是影音設備 2020的WFH其實就已經反應了當年的QE如果回去爬兩年前的新聞 就會發現這些產品價格攀升當年的QE其實早就反應了 並不是到現在才反應只是因為WFH衍生的產品需求占整體物價指數比例衝擊沒這麼大 所以沒有感受到全面性的通膨衝擊回去爬兩年前的新聞 或是去聽當年的podcast那時候其實都有提到上述的產品價格漲了 有錢都買不到 所以要說2020的QE造成現在的通膨 我個人是保留態度 更別說美國第一波通膨衝擊是來自二手車價格的暴漲 現在的通膨是第二波 甚至第三波衝擊了(第二波是去年的塞港和航運供應鏈價格攀升)(第三波是疫後需求大回升 供應鏈產能緊繃 戰爭和中國封城) 這幾波通膨的原因都不同 不能用都是QE帶過去 因為就算有 也早在2020年下半年和2021第一季就充分反應了而且我一直覺得批評QE是件很奇怪的事 QE當然有後遺症 但是沒有QE 全世界在2020年就已經窒息了還沒病死就先餓死了 不能因為QE有後遺症而批評為什麼2020年要QE 這是不對的尤其在美國 失業對個人造成的影響是非常大的這是其他國家 特別是東亞人所無法體會的不只是美國儲蓄率偏低 還牽涉到保險問題美國人是極度依賴公司所提供的福利過活的這有點像日本公司會補助員工的通勤費和租屋費一樣這就是為什麼美國2020年第一時間就決定撒幣因為真的 還沒病死就先餓死了
你要不要先論證一下日本QE N年都對通膨束手無策？照你說法，早在歐日大撒錢時，會一直留到實體經濟，導致物價一直膨脹了而不是這次供應鍊出問題（供給端）加上政府直接財政政策撒錢到民眾手上（需求端），物價才真的沒辦法控制真不知誰笑死，物價問題要是QE有那麼簡單解決，這些央行以前都吃屎去了？原文標題： 美通膨加劇 市場估Fed在7月升息3碼的機率接近5成 原文連結：  發布時間： 2022/06/11 01:05 記者署名： 段智恆 原文內容： 美國高居不下的通膨加大外界對聯準會（Fed）需要積極升息冷卻物價壓力的押注，市場 預測 Fed 在 7 月升息 3 碼（75 個基點）的可能性達 50%，並預估政策利率將在年底前 升至 3%。 根據美國勞工部周五（10 日）公布的報告，食品價格上漲與創紀錄的汽油價格推動 5 月 消費者物價指數（CPI）年升達 8.6%，高於市場預期的 8.3%，粉碎通膨已在上月觸頂的 任何希望。 剔除能源與食品價格的 5 月核心 CPI 年增率達 6%，雖然較前值 6.2% 有所下滑，但仍 高於預期 5.9%，而且也遠未達到 Fed 主席鮑爾所說在放緩升息前需看到價格壓力降溫「 清晰而令人信服」的跡象。 與此同時，美國同日公布的 6 月密大消費者信心指數跌至歷史新低，消費者對通膨前景 感到擔憂。 Bankrate 首席金融分析師 Greg McBride 表示，通膨已見頂的觀點到此為止，現在看來 任何希望 Fed 在 6 月與 7 月會議後能放慢升息不乏的想法是不太可能。 Fed 官員幾乎已經承諾在接下來 6、7 月兩次的會議上將分別升息兩碼（50 個基點）。 利率期貨交易員認為，Fed 下周會議最有可能的結果是升息 2 碼，但目前的預期是本月 升息 2 碼的可能性約為 20%。 根據芝加哥商業交易所（CME Group）的 FedWatch 數據，Fed 在 7 月升息 3 碼（75 個 基點）的機率接近 50%。 此外，視為 Fed 利率政策指標的 2 年期公債殖利率創下 4 個月以來最大漲幅，自 2008 年以來首次升破 3%。巴克萊分析師周五表示，Fed 有充分理由在下周會議公布比市 場預期更大的升息幅度。 最新通膨數據也可能讓 Fed 在 9 月會議期間、甚至更長時間內升息兩碼來打通膨。與 Fed 利率掛鉤的期貨顯示，交易員目前押注 Fed 至少在 9 月前會升息 2 碼，甚至可能 有更大幅度的升息。期貨反映市場對年底政策利率將落在 3% 至 3.25% 區間的預期。 最新的通膨報告也讓 Fed 想在不破壞就業市場、造成經濟衰退的情況下控制通膨的任務 ，變得更加艱困。 Spartan Capital Securities 首席市場經濟學家 Peter Cardillo 表示，5 月 CPI 數據 太糟，預估美國將在今年第四季陷入經濟衰退，並在 2023 年第二季獲得證實。 心得/評論： 聯準會7月一次升息3碼？ 台幣又可以繼續貶了 有利電子業 配合蘋概股第三季傳統旺季 電子股的股價第三季要大反彈了？ -- 如果還有來世，我想當一個獸人 --
還有你要不要先搞清楚你想講物價還是資本市場證券台灣也會被迫升息南韓都扛不住  而大幅升息
龍哥表示：假的，我不信
3.5%要成真了
拜託請一次升到3%！這樣慢慢凌遅對全世界都痛苦！
就說台幣至少35 快來吧
50% FED去丟硬幣比較快
選舉前通膨打不下來就掰了
沃爾克 我演過了啦
還要等到7月？6/15號FOMC就有可能了，沒看到葉倫的下場？
3%想打通膨就是自爽 要4-5%
希望一次可以升10碼，避免市場有僥倖心態
拜登做那麼爛....感覺繼續升息物價也不會跌啊
記者不要亂寫好嗎 明明是9月3碼 將近50%
南韓都開始暖身了 還在想台灣不跟
應該會升息2碼，低於預期的三碼，美國大漲反應。
又再週末鬼故事了 不可能3碼
不可能升3碼，市場反而會擔憂Fed到底在幹嘛變成短多長空
3碼根本無用
原文標題： 聯邦銀貸款給3炒房團 恐遭重罰 原文連結：  發布時間： 2022.06.10 記者署名： 彭禎伶、魏喬怡 原文內容： 同一家銀行貸款給三個炒房團。金管會9日宣布，去年底到今年3月的第二波不動產專案金 檢，再度發現同一家中型民營銀行的不同分行，有行員到炒房團的講座現場進行簽約對保 ，貸款給財力明顯不足的投資客，共24戶、貸款金額1.45億元等情況。 該銀行2020年底～2021年3月，即金管會第一波不動產專案金檢時，就被抓到貸款給炒房 團的會員，同樣有行員到講座現場對保簽約，當時有20戶、貸款金額3億元。金檢報告年 初送到銀行局，尚未開罰，又被抓到貸款給另外兩個炒房團，涉及內稽內控及核貸過於寬 鬆，恐會被金管會「重罰」。 據了解，這家銀行即聯邦銀行，仍在陳述意見，向銀行局解釋當中。 金管會去年底啟動第二波不動產授信專案金檢，包括十家銀行、七家信用合作社及三家票 券金融公司，3月底完成檢查。 檢查局宣布，再度發現炒房團誘導民眾向銀行融資炒房，且是去年同一銀行其他分行行員 ，到另二個炒房團的不動產投資講座或說明會場，簽約對保，借戶還款繳息能力偏低、買 賣契約與貸款契約簽名字跡不同、特定人在貸後代理提領大額現金、繳息資金由特定第三 人現金存入ATM、售屋款匯入借戶帳戶後由特定人提現等。 這次發現的二個炒房團，主要在新北市，以投資小套房、中古屋為主，因此每戶約500萬 ～700萬元，投資客會不斷買賣房屋、賺取差價，也會向銀行申貸周轉金，用來投資不動 產等。 金檢還發現，部分金融機構違反中央銀行選擇性信用管制及金管會規定。張子敏表示，如 法人不得有房貸寬限期，但有二銀行利用短期擔保放款到期續貸，讓法人只繳息不用還本 金；其次有四家金融機構讓借款戶其他關係人借周轉金，兩者相加超過貸款成數；三是依 規定沒有動工，貸款要保留一成，但有二金融機構卻未保留；四是舊貸不合規部分，有一 年調整期，有一家金融機構沒有依規定調整，延用舊貸成數。 第五是有二家金融機構部分不動產授信，未列入銀行法72條之2限額控管；六是有四家金 融機構風險權數計算有誤，將投資客的貸款用自用住宅風險權數計算。 心得/評論： 24戶貸1.45億 每戶平均貸600萬左右 這金額很小 對於房市影響也不大 金管會太誇大了 而且投資客買賣房屋賺取價差到底錯在哪裡？ 政府不也有賺到稅收 -- 如果還有來世，我想當一個獸人 --
5碼阿 男人都愛5碼
週末鬼故事來了
殺雞儆猴，大的不敢碰就找小隻的？
國營土銀表示：呵呵
錯在炒房墊高貸款餘額，影響整體經濟支出。
全鵝團瑟瑟發抖
重罰?
錯在把住宅當商品炒作價格！
自由時報會有這篇報導嗎？
重罰100嗎哈哈哈
聯邦不錯阿，都會私下指導
聯邦耶！不是很綠嗎？
一堆人炒一次...比中低收入 存一輩子還多.....真慘
幫邦忙……不對，走錯棚了
重點是網路一堆還建議有錢 就是炒房.......
「恐」、重罰2萬，大內宣騙選票
榮山林也他們家的 真好啊
聯邦銀算是少數獲利衰退得銀行吧.....股價 還是比去年高...
重罰      台灣政府的重罰只有可笑兩字
好癢
選舉快到了 政府戲愈演愈像了
重重提起 輕輕放下 大莊家怎可能把事情鬧大
別告訴我快選舉了
不要再演了 2022會慘敗
是要重罰幾十萬？
政府好好的準備2024選舉就好了
聯邦我記得顏色正確吧
題外話 y拍的tab7二萬元只有綠色的 你各位知道原因嗎
只有這間嗎 我不相信
房子是住的不是買賣賺差價
房版就覺得用人頭戶跟銀行手眼通天政府都不會管啊XD這些都是政客玩剩的  抓不抓而已  哪會不知道
怎樣都會有人有話說XDDDD
沒經歷過30年前房價崩盤的講房價只會漲不會跌
重罰十萬
我也只能笑笑
銀行底下有地產公司 你各位投資高手會怎麼經營
重罰3萬 一年不能發行新信用卡？
自由時報表示.....
如果覺得1뜴5億少 到時候這些人頭戶倒帳 要不要拿點
有黨證重罰林九萬！
錢幫銀行還
罰個五萬吧？
另外這篇也打臉說每次踩雷都有西瓜的人
罰多少也沒差  自家建商漲價就全補回來了
認定上一定純屬巧合 再來看罰則範圍一定用以前都不知道來看
這應該是被檢舉  稽核都放水  內控從頭爛到腳
看來原po....
其他家銀行團底下也有地產公司
房價炒多高了 選前演起來
結果只有一家自由的被查
這id去a一下就知道還沒被抓而已
這個一定是冰山一角
這家連建商都很鬆 合庫土銀才嚴
看看自由房地產版一面倒喊多就知道...嘻嘻
抓一隻 以為政府有打炒房cc
殺雞儆猴
聯邦銀行 沒事沒事
笑死人，照你定義，不是炒房，只是賺取較大價差而已
選舉到了，演演戲，垃圾金管會投信炒股查的怎樣了？？糙
所以呢
聯邦哦 顏色正確 沒事沒事
看到這新聞就知道要選舉了
心得：金額不大就可違法喔，這種心得文....
重罰多少 10萬嗎
糕點進去的現在快-20% 不曉得10年能不能攤QQ
自由，科科
房蟲瑟瑟發抖
房地產崩盤銀行可能會倒，像這次肺炎保險那樣沒人想到會虧那麼多
殺雞儆猴
聯邦欸 自由時報的欸
聯邦對中國比率最低的 才1%  結果國內亂搞喔XD而且金檢竟然才發現3團會不會太少?
綠色一家親 沒事兒
房茧老是講要貸好貸滿哪有那麼簡單，把人當白痴逆
綠色一家親啦
大部分應該不是拿來炒房，融資只是手段，獲利來源還有其他工具，利息才會由第三方去現金存入
這是抓人頭出來嗎@@？意思意思？
才幾億的金額 做做樣子而已
他炒的是小套房 一戶600算多了更何況他沒資金來源  銀行還核貸
重罰10萬
聯邦這種銀行就是撿別人不做、不敢敢做的案件，夾縫中求生存
不會罰多重啦，老闆功在黨國欸
對銀行還是要嚴一點，不然房地產萬一崩了! 別鬧了~
重罰3000
冰山一角
原來是炒房幫兇啊
重罰1萬
衰退成那樣 準備回去了 哭哭
沒背景沒付錢的就是被抓，大財團有付錢的繼續爽
只敢抓小邦，不敢抓大......
聯邦老闆不就自己
重罰15萬
重罰3萬
重罰20 000
民主進步黨說打房，台灣新笑話
突然想起幾年前大聲嚷嚷抓到紅蘿蔔菜蟲的87內宣
會罰聯邦銀，但重罰聯邦銀，豬油時報會咬人哦。
重罰個屁啊 給予口頭警告乙次嚴重多了
我覺得是給錯人才會被罰吧！如果給….算了不敢講
恐 恐 恐
顏色對了、免驚
法人財團下不了手 對小市民反而更敢罰
大戶都現金貸 半年後週轉金8成 爽
一般民眾住宅，不應淪為商品炒作
重罰10萬
此財團這方面專業的 問他們就對了
重罰1000
恐啥小
原文標題： 投資潮來了！國銀前4月放款暴增逾兆元 史上新高 原文連結：  發布時間： 2022-06-07 20:25 記者署名： 廖珮君 原文內容： 受惠美中貿易戰、中國大陸疫情封城等兩大因素，讓台商回流、供應鏈移轉回台，投資潮 方興未艾，資金需求大爆發。據金管會最新統計，本國銀行4月底放款餘額達35兆192億元 ，累計前4月放款大增1兆3 441億元，增額創史上同期新高。 若以國銀放款用途別來看，以企業周轉金占比達62%最高，今年前4月放款增加了8 306億 元，其次才是購置不動產占32%，銀行局副局長童政彰說，顯示企業接單需求大增，對未 來的景氣也抱持樂觀。 銀行主管則說，今年來企業資金需求大爆發，有三大主因，一、中美貿易戰加上中國大陸 因疫情封城，讓供應鏈從中國、移回台灣，目前看到很多企業建廠、購料、買機器設備， 又以電子科技業為大宗，也顯示科技業訂單前景看好。 二是，各銀行也爭取做ESG相關放款，包括傳產和科技業，三是，即便3月央行升息、墊高 企業資金成本，但在競爭激烈下，各銀行拉升利率有限，讓企業更願意借錢投資。 該主管說，因企業投資設廠都約2~3年左右，供應鏈移轉的投資潮，樂觀期待會持續到明 年，預料今年一整年國銀放款應會持續成長。 金管會今（7）日公布4月國銀存放款、獲利概況。 據統計，4月放款餘額35兆192億元，存款餘額49兆8229億元，存放款差距從去年底14.97 兆元縮小到14.8兆元，顯示資金去化速度加快，存放比攀升到70.29%，較上月增加了0.13 個百分點。 童政彰說，若以單月來看，4月放款較上月增加3 664億元，放款對象以民營企業放款增加 1911億元最多，占比52%，放款用途則以周轉金放款增加2332億元居首；若以累計前4月放 款則暴增1兆3441億元，周轉金放款占62%。 若以放款前三大銀行，中信銀4月單月放款增加1486億元，童政彰說，主因是進出口、及 國內客戶相關資金調度需求所致，第一銀行放款也增加613億元次之，主要對公營事業增 加放款較多，國泰世華增加335億元居三。 另一家行庫主管則說，後續壓抑投資潮的唯一變數，可能是缺工問題，尤其是中國大陸疫 情後，人口紅利移轉到東南亞市場，加上台灣疫情爆發，很多外勞也進不來，這些都需要 密切關注。 心得/評論： 國銀放款 不動產占32% 這比例維持很高 代表不動產的需求仍大 企業不管是投資還是自用不動產 都需要建商去蓋廠房或是商辦 還有不動產開發商整地 目前投資房地產或是營建股看來會比較穩 -- 如果還有來世，我想當一個獸人 --
投資（X）炒房地（O）
恆大事件不會讓中國人對房地產失去信心嗎
銀行放款給炒房炒地
炒地皮吧
歐印炒地皮
長江後浪推前浪，前浪死在沙灘上 ㄏㄏ
幫大戶「護盤潮」才對吧
1樓專業
怎麼感覺像去年的新聞
五月以後呢？
韭菜
大家都去炒房了
大家都知道炒房比較好賺惹
炒房占32%
然後再說打防 廢物
現在股市不穩把資金放在相對不跌的東西上很正常啊
炒房啊 誰不知道？
可憐啊
去房版，這邊不炒房的
又來了
“各銀行拉升利率有限，讓企業更願意借錢投資”，難怪今年金控獲利都慘慘慘
感覺呆帳要變多了
升息前的放款潮！？
要割韭菜了
設廠（x）炒房（o）
第一直覺 炒地皮 炒房.難怪會築起PPI大壩  只是這個大壩啥時潰堤? 不知.覺得不想賭的  以外國強國資產為主比較好.
回台灣是被中國逼得 然後下半年需求產能過剩明年還要攤提通通變呆帳
作法金的都知道土建融是減少的好嗎 專業點然後今年上半年有些之前籌組的大型聯貸案撥款了要看不動產放款要去看佔中小企業放款比例因為很多建商是被列為中小企業 作法金的都知道要衝中小企業放款 做建商生意比較快 量也大
去年就可以預見了
2022 0609 財訊 611期 愛謝客專欄 靜待慢牛變大牛 文中小標有提到 數據報喜 通脹已趨緩解化 還有  通帳危機刺激 加速消費力道 發文後 從0610  凌晨開始 NDX 從12571 截至收盤  11832 28小時 跌幅逼近6% 20:30 公布的CPI 創40年新高 密西根大學消費者信心 歷史新低 現在還算不算慢牛 我不知道 但28小時 跌6%算快熊嗎? 通脹創歷史新高 算已趨緩解化? 消費者信心歷史新低 能加速消費力道? 市場是把照妖鏡 妖魔時至便現形 --
快熊，聽起來，很大又很快，蘇胡
你書賣的有比愛神多嗎 訂閱有比愛神賺嗎?
你是不是想鞭愛大說通膨觸頂
整天AAVV賺的比愛神無風險獲利少 還敢批評愛神?
拉長就是多，愛神看到10年後也要講嗎？
這波我看不但是快熊 還是大雄勒 小叮噹才能救了
愛大的所有推論其實有個隱含假設。就是美國的體制會自動修復不恰當的政策。但今年拜登真的是很大的變數
就看沒QE 這傢伙是不是還這麼神囉 QT循環時期想跟FED對作也是OK啦
他看起來就像是比較會寫文章的透抽而已
大家都沒算到失智登真的失智 完全兩手攤攤不做事
美國不信經濟衰退就跟不信青塞奪冠一樣
你錢賺得比人家多嗎
拜登到昨天都還相信自己太厲害造成美國經濟太好所以才有如此強勁的通膨
@hihi29正解反正那位信徒很多 大家小心發言
美國次貸完早就慢慢脫離科學立國的原則了～跟職棒教練一樣～投手好用一直用～下個賽季就爆了～連救的機會都沒有～
2022 0318 智富 公開文章 台股Q1回落是難得長線買點
有效文章三篇   我覺得誰妖魔可能還要研究一下
0318 台股加權 17456 0611 16460 難得買點之後又跌
以前的美國雖然資本主義掛帥～但理性科學還是主導整個國家的運作～現在的美國只能說顆顆～
你484想召喚愛粉a90出來嗆你糙？
1000點 這樣算是難得嗎? 有效文章少就是妖魔?難怪愛謝客對有些人來說是神 他文章很多
我沒說喔   我只說還要研究一下   嘻嘻您何必這摸著急呢百分之五  百分之五
哎呀已經跳出來ㄌ太晚登入拍寫
一個多禮拜前大漲時怎麼不發現在才發？馬後砲誰都會要不要順便也吐一下老巴Q1還補貨AAPL勒 有夠韭
看的時間尺度不一樣就在
偶覺得到年底還4小牛變大牛行情 愛神永遠4對ㄉ席勒4三小有預測道瓊三萬點ㄇ各位愛黑好自慰之…ㄛㄛ4好自為之
見獵心喜 笑死 不愧韭菜
拉長就是多，支持教主，支持愛神。有政府好安心
他財訊專欄0609發的
很多愛黑從年初講到現在ㄌ見獵心喜ㄏ
還好我每個月都偷媽媽信用卡支持愛神 才沒被信徒酸
愛神不能質疑，拉長就是多 各位看好了
拉長94多，我決定要來拜綠角神ㄌ
懶啪捏碎了，當太監
一堆什麼專家 說的話都不能被考驗
這篇唯一的貢獻 就是多了好幾個可以黑單的 讚讚
每個都在那邊長期長期......
愛粉好玻璃心ㄆㄆ笑翻
客群就是一般作多的老百姓啊～賣商品只要針對80趴會買單的客戶著手就好～
算了吧 真當信徒結果當套牢仔也沒啥好取笑的慢慢熬等機會看有沒辦法解套吧
熊熊很快
你看財經台的老師哪有在做空的～行情不好就是怎你不要進場而已～其他時間就是整天喊多～
做空被嘎會被笑啊  做多賠錢也不會有人酸 很奇特
唱多收視率跟觀眾都會比較多 這是商業考量
召喚一冠吹十年的PP!
做多的老師好招收會員 所以做空的老師不會是主流
幫腦容量不高ㄉ回顧一下文章代碼(AID): #1Xxk3ECX (Stock) [ptt.cc] [心得] 愛榭克:美股2022多頭離到
所以出貨台 跟盤中連線 幾乎都是多方言論為主就商業考量
其實也不用看 以他多頭的說法 去年底開始QT預期後大
美股將一去不回頭！
概率就吃鱉 靠FED吃喝的這次人家要收水就別對作了市場資金再緊縮 多頭能多到哪 而且這次真的太嚴重了不可能像以往那樣FED PUT 一下子就又放水救市 別太天真了 人家擺明不救就是現況 越抄越低
愛粉套越多越開心，各位愛黑B嘴好ㄇ
長期是大牛沒錯但是你要忍得過殺盤
在還裡嘴人家 厲害就自己論述請財訊幫你刊一篇啊
油價維持在百元以上通膨就是無解
從線型看過去資料很容易 就幾秒鐘的時間而已，但真的要熬過空頭時的痛苦的感覺 可是每分每秒的在過尤其是你多單滿手的時候 才是真正考驗的開始
拉長就是多，之後回來賺錢怎麼辦？各位要有信心。政府遲早會撐過去的
這只是剛開始空頭大屠殺 這只是剛開始時間表 有QE 空頭用月計，沒QE 要空頭用年計
還有股利可以領啊。各位別怕。多領幾年股價也回來了。
人家研究美股快10年誒 質疑？
賣書仔可以用賣書錢無限攤平 笑看韭菜整天AV叫
企業不賺錢怎麼發股利阿?
都買台g不就好了，他跟很多地產商綁一起。
整天抱怨 沒一點辦法解決 學阿中嗎
研究10年又怎樣，40年通膨新高顆顆
講真的，我不想害人。所以拉長就是多頭。剩下看冰大
見獵心喜 妖魔的根本是__
愛酸又出來透氣
不是啊，他又沒在收會員，分析文章的水準有憑有據，根本就是在作公益的，有什麼好酸的，跟單賺賠請自己負責，人家沒跟你收錢
看跌說跌 才過兩天好嗎 年底新低的話你再來嗆也不遲
原來是ishit啊，我還以為是愛榭客呢
無限攤平之術你有嗎 沒的話別亂跟
某人看到通膨漲就開始透氣了 越壞越愛
其實把他過去十幾個月的專欄都翻出來就知道當初他對這次通膨的預估跟Fed差不多 問題是Fed轉向了他還不轉向
我一月就說愛大神4ㄘ到爛鮑口水ㄛ爛鮑跟白髮魔女都認錯ㄌ有人還在硬拗，還有粉粉護航XDDD
股版就很愛吹啊！原文標題：5月證交稅腰斬 逾九年最慘 原文連結： 發布時間：2022-6-11 記者署名：林昱均 原文內容： 財政部10日公布5月稅收統計指出，台股5月上市櫃日均成交值為2 843億元，相較去年同 月（5 781億元）砍半，連帶影響5月證交稅收規模僅144億元、年減51.2％，其減幅創下 逾九年來單月最高（自2013年3月以來），也締造證交稅收呈連五黑。 另財政部統計處副處長陳玉豐表示，去年6～8月台股單月日均成交值皆為4 382億元以上 ，主要受惠於去年航運股熱潮，惟短期內台股量能年增率為負成長態勢。若以5月同等交 易量2 800億元估算，可能會持續到連八黑。 但陳玉豐也強調，證交稅與交易量連續負成長，主要還是在全球經濟變數，加上去年海運 三雄熱潮形成高基期，但台股動能仍在，因為今年前五月台股交易量仍居歷年次高。 以今年前五月而言，台股上市櫃日均成交值為3 373億元、證交稅收為799億元皆為歷年同 期次高，僅次於2021年同期的日均成交值4 651億元、證交稅收1 098億元水準。 在房市方面，因政府打炒房措施、市場預期升息、疫情影響看屋等，不動產市場賣壓沉重 ，出現反轉大洗牌，六都5月買賣移轉棟數為2.28萬棟、年減8％，房市指標的契稅、土地 市場指標的土增稅也雙雙呈現下滑趨勢。 5月契稅14.25億元、年減15.4％，六都以台南、高雄、桃園契稅稅收下滑兩成～四成最為 顯著，主要為去年有新屋交屋潮，今年熱度下滑。以前五月契稅71.47億元、年減2.2％來 看，桃、南、高等三都年減逾一成。 另5月土增稅85.64億元、年減兩成，六都除北市以外全面下滑，又以新北、桃園年減近四 成最多，台中、台南也年減兩成，高雄減幅約1％，關鍵為去年建商大舉購地蓋建案推升 高基期，惟今年市場反轉下，土地買氣相對降溫。至於前五月土增稅451.7億元、年減2.9 ％，桃園、台南稅額皆年減約兩成。 心得/評論： 上市櫃的成交量都快要低於2500億了 還在說台股動能還在 是往公園的動能嘛？ --
之前還什麼總經大神！哇咧靠
都被套住了，當然減少~~
今年沒事多休息，一年不操作不會少塊肉
莊家愛作弊 自找的
沒人想沖
該跌不跌 全套不停損
黑手愛撐啊 不願下殺取量 就大家卡在這囉
加稅啊 稅率翻倍 就可以收更多税了^_^
股市要有量能 你要先殺出量啊 跌夠多築底才有換手
去年5月上市櫃成交值平均5781億 航運貢獻不少
之前賺太多了
歹戲拖棚，崩一崩啦！
現在每天守整數關卡明顯成這樣
讓外資爽賺 低能
今年我看退休金要虧多少
支持柯p上台，救台灣
沒人要玩了
回到八百億的年代
凍能凍起來
莊家搞到台股這麼機車  媽的
這代表市場資金移走了
翻譯：套房、山頂
最好是 以前2000億算爆大量 現在...
去年五月的量才是特別多
聽說2885要除息了 嘻嘻
證券股掰
去年五月11兆 今年五月差一點五兆
一堆傻B賣書仔還在叫信徒買2885
支持柯p是在搞笑逆
正常都看得出來現在就是政府拿人民的退休金在護盤，證交稅衰退合理
做莊家穩賺的不要嫌了啦，開門就有錢賺
動能仍在到底是在騙誰…
不玩了把錢還我qq
台股動能怎樣算不在 證交稅歸0嗎
2885持續危
台積688->588->488->388
不是有政府自發性買盤，有動能啊。
丸子
短空長多，不必多說。 就這麼簡單
笑屎 預算沒法達標了啦 妳各位還不沖起來
腳麻走不動阿 都套牢不想認賠殺出咩
這腳麻了
GG回300
還真的都套牢了，接下來斷頭賣壓才能賺一筆
老蘇不是有說把股市當浪衝？開低走高 政府會拉起來的。
少年股神咕嚕咕嚕外加上一堆散戶套牢當然就沒人玩
都腰斬了還動能
把航運拉回180，下個月證交稅又能加倍收了啦
一堆都被套牢啊 今年9成的人怎麼玩怎麼輸誰還要玩
992885
我也快半年沒進出股票了
現在就在看外資爽提款而已 有夠弱
套牢了怎麼有錢
沒人要玩了 哭啊
存股達人的證券金 壽險金 炸裂 嘻嘻
2000多億叫沒量XD 是去年太瘋狂了
漲證交稅還要人家教
現在的成交量還比20年多，是21年太瘋狂誕生了一堆少年股神，真看不懂在吵什麼
大家都套牢轉存股了 當然殺不出量 還以為真的是黑手護盤喔 散戶自己也不想賣啦
殺夠痛就會出量了啦 現在這種死魚盤 就只是爽到外資提款而已
人家愛當沖就要搞關緊閉，成交量哪能不低
回1000億上下
去年買的，很多人都走了
1-5月套翻天
要殺破13000才會出停損量。
 航運業去年最瘋狂時一個族群成交量 比目前台股總量更大 今非昔比啊
韭菜都套在萬七以上了，當然沒量
就算成交量再腰斬 也是贏證所稅時期阿 我就不信成交量能不到500億
當沖仔都去住公園了吼
還在動能在
有政府 好難安心。有點作為好嗎
高歌離席
以前的牛肉跟現在一樣的價格。講到爛掉的話題
殺不出量 就是投機份子都被抬出場了啊 股價回歸基本面而已 整天要股市崩盤 先等大家都放無薪假再說
去年真的是特例啦...現在沒啥人想講股票了
以前台積電600塊
成交量還是爆大量耶，空死他，空到成交量剩500億
很多股價也腰斬了........
992885
該崩不給崩 護屁護 要撿便宜也沒得撿 這樣哪有動能
當沖交易稅降多一點 成交金額就會變多了 還要我教
你一直撐指數，韭菜就覺得還有機會還能凹，不停損
很多韭菜都走了..
2500億算少嗎？跟去年比算啦！但跟歷年比呢？
波動一大就抓去處置，然後再嫌沒人做
把航運股拉解套了就有動能了不會嗎？拉金像電有屁用
顆顆再搞一些白痴規定啊XD處置廢了馬上噴
動不動就處置，怪誰
又在幻想政府撐盤.....一堆本益比不到10倍誰要賣?
都套在萬7
韭菜真的很喜歡幻想黑手撐盤，然後整天酸長老
元大先跌回去18元吧
韭菜就套在高點 還心存一點希望 當然沒量能啊
長老不是都去壓反一了
都在看房了 誰還跟你當韭菜
殺到韭菜希望破滅 量不就出來了XD
無量崩盤  多蛙巨嬰只剩黑手可以依靠了
就自己愛用自發性買盤撐 誰想玩
照這情況，今年可能很多股票會無法完成填息
再不降證交稅啊。世界高的證交稅還想成為亞洲金融中心。笑死。大家去美股吧。流動性是專職交易者的死穴沒量你就會看到可以硬撐在那邊不跟漲不跟跌。主力可以輕鬆在盤中控出逆勢盤
偷偷講我上禮拜買一間房子，仲介幫我用開價賣掉，實際登入最高紀錄XD房價有降？？
慘戶都被套住惹 當然慘
賣一間，錯字了
大家都去全世界流動性最佳的美股玩吧。至少不會滑價
在玩散戶阿
稅能不能低點啊 低到那種不管哪個價位都一檔獲利
真的當大家都還有錢喔?排骨飯多少一個垃圾不會知道
什麼仲介口才那麼好 可以開價賣掉 還是說地點很好
外資有貢獻稅金嗎，如果有那真的笑死人
活該 稅那麼重 還要莊家操盤  不愧是我們的政府
2800+  砍一半可能還比前任政府高
美股最透明了，全球首富推特一句話就可以讓市值千億的公司大漲大跌，2ㄏ2ㄏ
我去年用開價買了一棟透天…超貴實價登錄也是新高，沒想到今年更貴
大盤不穩  交易量低很正常
官:台股動能還在!基本面良好!投資人不用擔心~
美股至少有流動性讓你逃。鬼指如果再繼續這樣沈淪下去沒交易量讓你逃都無法逃
每天當沖元太還會賠錢??
都套牢，腳麻了qq
一堆資金在權值股 而權值股本益比都超低 要嘛衝一波把本益比衝到15 不然就是都放著不動 散戶都變精
是去年太多，不是今年太少
散戶哪有什麼好精 就只是跌不夠而已 跌個50% 就一堆停損潮了只是現在可能跌個20% 還不甘心而已
20%你都不賣了，50%你會賣?
去年沒玩股票之後 都過得很開心 只剩這裡在討論
去問被套牢的韭菜們啊 看如果殺到50% 會不會很痛XDD
下禮拜可能就下去萬5了 XD
黑手再死撐啊 沒大幅回檔誰要進場套啊
散戶才幾張，真要砍或跑怎可能跑不掉美股現在反而比台股還投機，整天在那消息面猜漲跌
跌50%?  搞笑言論大可不必
放個消息拉一下，再放個消息灌下去指數名字遮起來，以為小型股消息面在洗盤出貨
套死了
明明是減幅 講的好像證交稅收
資金都轉炒房產  報酬率高又穩定
很多散客都離開了
其實我不太懂什麼叫做剩這裡討論 不然股版討論什麼
動能還在 .？在哪裡
記者真的很會製造恐慌 應該會下地獄拔舌頭
全世界流動性資本最大的市場你跟我說投機？有那個主力有實力與資金可以控的住？說出來讓大家朝聖一下
國巨圖
動能 向下的動能嗎...
美股也是有沒有量的股票的台股2000億不就回到之前正常水準
沒有不出量的股票 只有不夠低的股價
六七百億的時候才好玩
少出千 多一點波動 證交稅自然就來
沒人要進賭場了QQ
證交稅減半前2000億是天量了 一堆菜比巴的不知道
黑手整天硬撐干預市場，除了讓外資提款，誰還會想進場...
今年成交量還是歷年次高，叫沒量 笑死
少年股神都輸到銀行借滿還要去借地下錢莊惹
馬英九那時六七百億天天都在罵吧。
去年四五六月份真的超級瘋 單日八千多億真的誇張
低能黑手護盤阿，白痴
就一堆套牢的 股票又不漲 誰要進賭場啊？
蔡政府護盤有功 讚讚讚
現在上面一堆套牢的，快解套就狂賣，啊怎麼拉得上去？
不喜歡GG不給電 還要護盤 精神分裂嗎
都套著怎麼玩
加入沖軍 每天玩爛台股不留單啦～w
真的耶！大家都套牢怎麼玩？
電子慘兮兮，別講了套死了
證券股崩崩
大家都現金滿手
腳麻了，領股息到0成本歷史已經告訴你了，投資價值股還是會回本成長股配不出息的GG才該擔心
腳麻了
這是訊號嗎?
腳麻惹 種麼跑QQ
交易量縮那麽多，難怪沒得賺
少年少女股神都去炒房了啦
黑手把航運拉起來，就很多人解套，我再空下去，下去也有回補動能
元大準備下去吧 eps只會越來越慘
每週二週三莊家作弊那麼明顯誰要玩？？？然後黑手又不放跌，拿納稅人錢護盤。漲上去就倒貨，要跌就護盤。想買和想賣的人都等不到進場點是要玩屁喔
沒人交易還有動能？當台股永動機？
太爽了吧、股民在家點幾個按鍵就賺翻了
都住套房了，那來的活水呢！
政府又幫呆民賠錢了？
低點到了
都著套房了 要怎麼玩*住
去年做的時候就講過啦 總體量能撐得住 就繼續賺前一陣子6015拉一根的時候也點過了 這是漲給你賣的阿大盤量能就只剩1~2千E  過去的獲利怎麼可能維持?
每一支都套住了，也沒閒錢再進場
再減交易稅不就好了
但是會不會自營大賺？？反而營收創高？
早就沒人玩了 等台股腰斬再說
沒跌到8523我不想買
大爆套了怎麼買
大家都抱股吧，不是套牢就是看風向
錢環我 嗚嗚嗚
沒人要玩了
不賣就沒虧
黑手一直撐 怪誰？
又處置 又審資格 又不給漲 也不給殺 怪誰
動能仍在 喪事喜報
通通跟當沖一樣的稅率啊 只降當沖是怎樣
自己搞的沒人要玩的殺下來就會有人去接股票惹
沒錢了啦
智障政府UCCU
政府怎麼都在講反話阿
這種盤是要進去被割的嗎？
自己搞爛的再來哭？
笑死 怎麼不問問投信黑手在那邊亂搞
套好套滿 下半年刺激了
沒人要玩
就黑手一直撐啊，白癡政府
外資差不多快跑光了，現在誰撐盤的不就很明顯
看閒聊人氣就知道 沒人了
跌爛大家就會回來抄底了…吧？對吧
看成交量就知道了去年是異常今年這樣算正常
那是因為去年基期太高好嗎
投信一直撐不給跌 誰想接盤？
少年股神都套牢啦
股版的水手和航酸大家好 小女今天來請教大家 貨櫃阿榮和阿明哪個好? 是這樣的  我老爸把退休老本通通拿去航海 結果當航海王不成反被套 目前他有阿榮和阿明各15張 最近他開始在想東想西 想要把持股集中到一艘比較有機會回本的船 看他最近很苦惱 所以小女代為上股版請教大家 就我們自己做的功課 光看過往績效.船隊規模.新船數量.近期業績等 絕對是阿榮好 但阿榮沒事要減資 老爸擔心減資後 萬一航運景氣下滑(甚至轉虧) 高股價的阿榮會跌更慘 阿明近期在鄭董帶領下 走保守穩健路線 好像也不錯 但就是有個港務局倒貨賣壓 如果兩者選一  不知道大家看好哪個 我老爸應該是不考慮賣掉換別的 所以建議出清船票或改買萬海等不在選項喔 感謝大家餒 --
都很爛
我個人推 萬海 原因是大家都沒推他
棄榮保陽
都是命運共同體 不要浪費手續費了
看老船長的態度 他看壞哪個就是那個好
留著配息 刪Appㄧ年後再看
不賣船票 那就抱著吧 等下次漲20倍就可以解套了
全出換東哥遊艇拼一波
阿陽
想玩海只有東哥遊艇可以玩
有海的嗎？我推海公公
東哥遊艇  老人家玩好像太刺激了餒
下週三過後你就知道哪艘比較好了
都很爛==
為何不選擇阿海？有潛力多了！
你有女兒？all in了啊
小女是自己的女兒，自稱是「小女子」
講“小女”是來認爹嗎...
看不出老爸他看好看壞哪個  不然就不會苦惱了
待會有國文小老師來噓你
以前十元的東西  現在法人隨便賣都賺翻
已經炒過的股票不會再上去了
不用換 浪費手續費
套多高不會200以上吧200以上可能不易解套
都不好   全賣換現金回來
看榮明力決定
我會選阿明拉，減資後長榮股價太刺激
話說為何一定要玩貨櫃啊台股又不是只有長榮陽明
成本好像是170或180那附近
萬海.........................你最爛
成本老爸不明說...
長榮基本面比較好 但是就是要參與家族鬥爭
莫再問
鴻海 真心不騙 ==
再問就是買阿公、買阿嬤
長榮體質比較好，但是應該是沒辦法回本
台股家族鬥爭的玩法 張家一起搞過的事情 可以去看一下
最近海運風險高  建議回本先空手  真要買等除息股價跌的時候分批進場 - by 被套的水手
你等禮拜一看哪艘修的了就選
東哥唯一
成本多少
鴻海也是海
棄陽保榮
陽明長榮基本上漲跌一體同命，我覺得換船翻本的機會不大，要嘛就一起上去，要嘛就一起下去
買大樓選陽明啊
航運當然是買東哥
現在賣掉  等10元接回   再QE的時候200賣
拜登老大表示
一套300年不要不信
失智登：都給我下去！
懶趴捏著停損換現金等崩盤相信我
等以星建造中新船下水 阿海跟阿明都會被超船
阿明吧，配的多，股價低
勇士贏換阿榮、賽爾提克贏換阿明
鴻海 海字輩中比較穩的
全賣掉買6446
都放著呀 一年後就知道了
問就是歐印2498
阿明
配對交易，買陽明空萬海
航運景氣下滑卻還是要續抱的話 選殖利率更高的2609雖然邏輯很怪就是
喂 阿明，哇阿榮啦，哇甲剃如溫攻傘
沒錯 6446的6是600的6
重點是航運景氣已經開始向下反轉
棄榮保陽
 看看後面誰被盯上
看好空那個吧？
還在航運阿 都2022年了 大哥
都賣掉買GG或zim吧
都很好，但是跟股價走勢是兩回事
看股價 股價越接近 買長榮 反之買便宜的陽明
買鐵牛運功散
退休老本好好配置個etf或存股不好嗎 何必堅持要玩船
一樣啊 目前是連環船 漲跌都一起
小女子啦，小女是你女兒
目前 高硫油跟低硫油價差擴大 長榮更有優勢
航運罷工潮來惹，歐洲開始罷工，接下來7/1換美國港口，供應鏈斷的亂七八糟，通膨壓力大，但要先撐過大盤崩跌
現在買海運就是送錢 海運文一律視為詐騙
你把股價差距拿出來看 很明顯最近就是陽明比較沒跌
疫情一生能碰到幾次
把陽明賣了買長榮阿XD反正講了你也不會做XDDD
目前阿明比較強勢，但個人覺得阿榮遲早當大哥
不要看股市當沒買，五年後再來看
如果妳是二選一，建議不要換，但第三選擇會更好
美國接下來會非常倚賴中國商品你可以不換電子商品 但是日常生貨用品不能不換所以航運是不會死的 反而會運貨量再增那麼股價呢 這就不好說 但 撐得過暴風雨的才有生路
小女
兩條船都一樣 不要幻想了
鑑於通膨至明年4月前不可能見頂 航運再有低點也無多
又不說成本 誰知道是要凹還是認賠
不用換
俄烏戰爭之後 是超級通膨的起點 車用 伺服器電子都不能買 因為消費端會大幅下滑 NFLX訂閱都減你花那麼多錢去建構伺服器做啥
拜登要出手教訓航運業了 運費不會一直在高點
阿榮
賣了其中一個就要先賠錢了，既然都要賠錢，還在執著海運
拜登出手教訓石油產國了 結果沙烏地阿拉伯GDPQ1創高 拜登教訓了誰? 美國自己人謝謝
換東哥，等拼400
美孚今年以來股價漲了50%以上 教訓? 笑死
陽明
所有股票漲過了都回不去了啦！穩保證明年全部下滑也是預料中的事沒人打下油價，你全部都要趴在地上
XOM快100%了吧 之前五十幾一路噴
回到十幾塊 也不用太意外
降低持股
拆拆看好阿明 你覺得？
也可以讓你爸去等00715L的箱型下緣 標的約116-7元油價會隨著夏季到來到次高峰 冬天到主高峰150應該是有機會的
大家都看壞反著做XD hold著吧
台股就個個被炒高等回檔啊酸航運也不會讓錢回電子 錢要回美國啦高手
為何沒阿海，看不起阿海？
一張 奇蹟 來
阿海
小孩子才做選擇，當然是你全都買
全買長榮，陽明老是有大股東賣壓
比爛的？
我也是覺得跟著大家看壞反著做…
阿明
陽明 月減的跌最少
不買台積電問這什麼問題
一起咕嚕咕嚕 不用選
大股東港務公司今年都賣幾萬張 了不怕嗎？
萬海 全鐮會拉
一鍵出清換gg 一年後再看
各賣一半停損先讓自己冷靜一下
推東哥 航運第一指標
170？？阿榮還是阿明？阿榮上次160就出損一點。阿明上180，目前不太可能。
賣掉Allin50反1
為了分散風險我除了阿榮阿明還加買萬海和慧洋
都出清最好
阿榮在除息前回得到150嗎..我想跑啊
要長抱航運 先問你爸 考慮最壞情況 如果退休老本剩1/10 你還有錢嗎
當然是停損，虧的用妳的聘金補
當然是選東哥啊～
小妹要先給圖
抱不住 建議就不要碰了......又不是買很便宜...
笑死
套牢太多人漲不上去 產業衰退時一起下去
建議隔代沖
都套住哪有差 換船嫌手續費太便宜嗎
差不多 阿榮新船多 碳排政策應該會受益 不過最近股價會震盪 心臟要夠力還有他成本多少啊？
藥華藥答案這麼明顯不抄我也沒輒
賭博文
阿明吧 這陣子意外的抗跌 雖然理論上長榮屌打☺
小女子啦，幹
全部賣掉買東哥遊艇
東哥遊艇
見紅就空 就是那麼簡單
認賠轉手空  或許會比較快賺回來唷
退休金為什麼要玩這種股票，應該選穩健的方式，拿去存股安心領不好嗎？
會養
這種股票要玩應該用不影響生活的閒錢
航運下半年景氣一定不好 認識的業內都說價格會掉一半以上而且明年一堆新船下水 供給增加 需求衰退 明年eps一定腰斬起跳 現在跑還來得及
兩隻都是垃圾
這中文...
有一個新聞 美國議會打算通過一個法案 逼船商降運費賺太多 被老大哥盯上
他一定沒有看報紙聾的節目
推文是什麼大型智力測驗現場嗎
小女是女兒勒...
買阿榮會變零股，股價變高後殺更多三年後如果運價沒利潤，阿榮、阿明統一價：10元
分散風險都放著別賣
等港務公司賣完買阿明吧
鴻海最穩
小女 小女子傻傻分不清 支語入侵的下場
洨女
都不好
陽明轉行包租公，選誰知道了嗎
紅明顯  全部賣光換成藥華藥 相信我
看到板友熱情推文  真是受寵若驚我每一則推文都有認真看  感謝大家喔看推文榮明都有人支持 我也會勸我爸是否考慮換別的
建議出清轉電子股
你把海哥放在哪裡？
還以為有人會推2498？
一張不賣
奇蹟自來
兩個都不好 賣一賣買GG
怎麼會用小女稱自己
小女有訂婚了嗎？不知我小兒是否願意接受
中文不行不要發文好不好
神采飛揚明眼人
※ 引述《breez (微風)》之銘言： : 我比較想知道 : 如果2000年最高點買Nasdaq*2指數型ETF : (試算如果那時就有的話) : 一直到現在 : 可以賺幾倍? 這個問題就讓專門推廣 0050正2 的我來回答 如果你在 2000 年高點買入那指兩倍 投入 100 萬，到 2021 年為止 QQQ：502 萬 兩倍槓桿：196 萬 從結果來看，兩倍槓桿確實是慘輸原型指數 但是，這個但是很重要 2000 年那指的本益比是破百（最高好像到一百五左右） 本益比破百是什麼概念？ 現在那斯達克本益比是 21 倍 你要用 2000 年的那指來看泡沫 你就想像下週一開盤，那斯達克指數突破 5 萬點的感覺是怎樣 現代資訊已經太流通了 拿這種根本不可能再現的本益比來談泡沫，不太公道 別說那指 5 萬點，那指還沒 2 萬，我們大冰律就在喊美股衰退二十年了 還那指 5 萬點？ 所以，我不覺得用 2000 年來看兩倍槓桿有什麼意義 一個本益比破百的泡沫，對現在來講無任何參考價值 就像台股 12682 一樣沒意義 你能想像下週一台股開盤是 10 萬點嗎？ 去討論這種真的沒用 真要說，拿 2008 年金融海嘯來比對還比較有參考價值 若是從 2008 年高點投入 100 萬 QQQ 是 1046 萬 兩倍槓桿是 3314 萬 若用定期定額計算 2000 年開始定期定額每月 1 萬 QQQ：2490 萬 兩倍槓桿：8258 萬 2008 年開始定期定額每月 1 萬 QQQ：992 萬 兩倍槓桿：3588 萬 好了，希望以上有解答你的疑惑 我順便推廣一下 0050正2  回測 2008 年，參考標普兩倍槓桿的話 50正2 也是可以超越 0050 的兩倍報酬 但如果你要拿 2000 年網路泡沫，還是台股 12682 這種本益比破百的超誇張歷史來講，那我們就不用討論了 因為對我來說，那不可能再出現 若真的很幸運再出現，你應該要放鞭炮才是 別說破百，現在台股那指破本益比五十，很多人應該就財務自由了 靠運氣賺到的錢，就靠實力守住 到時候買房子爽爽過就好  結論就是 1. 2000 年投入兩倍槓桿，會輸原型指數 2. 2008 年投入兩倍槓桿，屌打原型指數 3. 如果你是從 2000 年定期定額，屌打原型指數 4. 本益比破百的指數參考價值很低，不建議視為目前投資的考量 5. 若真的本益比破百，你應該早就財務自由了，早點脫手換其他資產配置吧 6. 0050正2 讚讚，別再抹黑它了 以上，謝謝大家 --
世界級龍頭股就是一張不賣奇蹟自來
好啦好啦週一歐印SQQQ 20年 樓下說人生有幾個20年我套2小時就快凍未條 套2天我想撞牆 套兩週我想切腹
請問2008的本益比你怎麼看？
讚～
從2000年套到2022...
正二沒發股利~
大空頭推廣正二 拜託有錢做點社福積積陰陰德送錢給市場 空軍 外資 可沒陰德唷
等大家畢業再開始投
但這個資訊流通的年代卻還是有虛擬貨幣和NFT，所以只是人性而已，跟年代沒關係
08的本益比你怎麼算的？如果是除08的eps其實是不準的，因為事前不知道會從賺錢變虧錢
08的股價要除以07利息吧(?)
是的，除07的話比較能反應當時投資人心理
08年其實根本不是重點07年10月就在殺了，台灣是1月開始逃命波到5月2330到5月年增率都還有15趴
結論就是strong buy
套18年 讚
正二管理費太貴
大仁哥好，謝謝你的文章，有出槓桿系列書，一定買爆送人。
那2022年初開始定期定額呢？後天晚餐是什麼？
正二的問題是管理費太貴 不如台指無限轉倉期指槓桿也能自己再平衡 比較麻煩就是確實單純看點數沒意義 時空背景不同
正2不配息滾入淨值  那你比較時有把原形配的股息還原進去比較？或是配的滾入比較？
爬了下文  原po似乎是愛大粉XD
歷史告訴我們沒有什麼不可能，未來也是很多事情很扯但他就是出現了
嘴巴看多身體還是誠實的，這麼看好怎麼今年大跌還
2000年剛入伍，根本沒錢買
不加碼0050正2呢？
看多 就無腦台指期轉倉
現在20倍很多人就會覺得太高了
原來是併入淨值 能不能做個和00679B回測的結果
你在這種空頭剛開始，趨勢才反轉沒多久的時候推廣正二，沒讀多少書做多少功課的人聽你的買了套牢了，要套不知道多久，到時候出意外你良心安嗎？何不靜待一段時間，等真的落底籌碼開始沉澱了，再來推廣也不遲，時機不對，等之後更便宜再來推廣獲利更高，不用急
為什麼泡沫下跌會造成兩倍輸給原型，一般下跌不會？泡沫下跌就算跌幅大，如果是偏連跌最後應還會贏一倍
你還有大筆資金在外這樣叫歐印喔？不太對吧
謝謝說明
請問「搭配再平衡+定時套現」  可以簡單說明嗎?
請問大大我美債被套適用無腦多嗎
市場還沒瘋狂？
管理費 內扣費
以台灣的環境來說，大部分情況持有50正2會比0050還要好啦。但我還是選擇自己做台指期無限轉倉就是了。我覺得一般投資人不太需要精準的計算槓桿倍率
論安心的話，好像還是 “雙動能投資” 更安心，這段時間會直接持有現金。要搭配0050正二也可以。
10多年來每次經濟不好就狂QE，未來這種榮景這種玩法會再現？如果不會，那你怎麼肯定用回測2008來說未來也是一樣的走法？
推啦 我個人是TQQQ/SOXL 台股沒有3倍比較可惜我也覺得一堆人為了超低風險放棄高期望值的決定很怪我槓桿部位大概佔總資產30%~40%
這樣的話 是不是三倍>兩倍 原po幹嘛選正二指數型美國應該不會比台灣差吧吧吧
---發文提醒-- 1.發文前請先詳閱[新聞]分類發文規範，未依規範發文將受處份。 2.連結過長請善用  等縮網址服務，連結不能點擊者板規1-2-2處份。 3.心得/評論請盡量充實，心得過短或濫竽充數將以板規 1-2-3、4-4 水桶處份。 4.發文請依照格式文章標明段落，不符合格式者依4-1刪文處分。  按ctrl+y 可刪除以上內容。 -- 原文標題：好久不見！HTC 將於 6 月 28 日發表新手機產品 ※請勿刪減原文標題 原文連結： ※網址超過一行過長請用縮網址工具 發布時間：2022年6月9日 週四 下午5:35 ※請以原文網頁/報紙之發布時間為準 記者署名：記者柯宗鑫報導 ※原文無記載者得留空 原文內容： 該說久違了嗎？HTC 在今（9）日稍早釋出的邀請函中，預告將於 6 月 28 日舉辦「HTC 登入。未來媒體分享暨體驗會」，除了說明在目前 VIVERS 產品與市場布局之外，也包含 了一款新型智慧型手機，雖然先前早有風聲這支新機可能在 4 月亮向，但因為其它因素 導致延期。 HTC 上一款旗艦手機，已經是 2018 年的 U12+，再來就是配合 5G 市場推出的 U20 5G， 至於最新的產品，也是去（2021）年唯一的 Desire 21 pro 5G。目前在 HTC 官網目前架 上販售的手機，僅剩 U20 5G 的福利機，相對於VR 市場的經營，近年來 HTC 手機業務幾 乎是停滯不前的狀態。 即將在 6 月28 日登場的 HTC 新機，預計會與 VIVERSE 平台整合，導入區塊鏈相關技術 應用，搭配熱門的元宇宙話題。雖然去年高通發表 Snapdragon 8 Gen 1 晶片時，HTC 也 是列名合作廠商之一，但這款新機是否真的會採用 8 Gen 1，成為 HTC 久違的旗艦級新 機，目前還沒有太多消息可以確定。 心得/評論： 過了好幾天了都沒人發@@ 紅姨最新手機力作 難道要帶領紅茶店重返農藥了嗎！！ 2498 重返1300！！！ ※必需填寫滿30字，無意義者板規處分 --
我猜是ODM啦，別想太多
呵
重返
特點是可以開瓶蓋、刷地板 真。生活小物
這家還有出手機喔
上一隻是號稱跟區塊鏈掛勾的手機 結果沒半個人有買
咪咪武器
Who Car現在一堆3 4萬手機 能像蘋果賣的好 能賺
是要重返什麼
消費性電子掰
好久不見的你 是否別來無恙
出手機只會往下噴 出幹麼啦
電子OO
中國人的品牌
誰要買
阿姨你最近過得好嗎
3G/32GB 首購優惠價11999元!!
中國
當初舔共舔到千元跌破百元
我都忘了還有這個牌子
等我下次要換手機時，再來了解和考慮。
Exodus當年收的ETH如果還沒處置削爆了 用4.5顆ETH來算今天每顆大概1600鎂
4.78 ETH = 236597 NTD
我的 u12可以換機了嗎 XD
重返農藥的時刻到了嗎
宏達電阿伯你要撐住呀.........紅茶店破1300由此開始，未來這隻手機會記入歷史課本
挖礦機又要有續作了嗎?........
喔大概是貼牌機吧
蘋果已經快涵蓋中高階款了，紅茶店還能重返農藥？
手機研發都賣了，ODM吧！中國貼牌機。
發表帳篷？
週一先一根
未出先猜4/128G的尿性
中國
進一些冷凍設備改賣火腿腸說不定還比較賺..
樓下買
不是已經轉型雜貨店嗎
哈哈 沒用
重返農藥 看不出來要噴了嗎
辣個男人曾經說過 存股台G電不如存股紅茶店
OMG 買爆
我以為這家已經不出手機了
別鬧了……
有fu糗
終於出了 等換機
這次台灣要獨享幾g
又可以開炒啦
股價沒回千不肯走會變成地縛靈嗎☺
不要製造垃圾好嗎？
原來HTC還有研發手機
可以藍牙外掛飛機杯，蘋果不敢跟的創舉
沒有生態系 硬體又跟別人沒差別...
出手排我就買
厲害的都被google收走啦，剩下的還能幹啥？
紅茶店不賣紅茶賣手機？
歐印2498
剩下就是貼牌機啊  不然勒或是拿以前的設計重新改一下機殼樣子換個CPU繼續賣
股東報告書還在講vr開會 開會夠累了 誰要戴一個東西
你不會在HTC看到任何創新了  沒人研發手機了啦
在頭上 把vr砍掉專心做商用手機應用也許還有救
電子XX阿土伯的錢呢？亡血紅：蓋靈糧 阿門
宏達電阿伯還安好嗎？
永遠忘不了 一直走著瞧
戴在頭上的手機嗎？
重返農藥
千三鳥飛絕。萬點人終滅
品牌是這樣做的?
笑話又要來了
紅茶阿伯要長命百歲了
到底誰還要買這牌子
我好興奮阿~~~
Fu糗
肯定又是高層執意要賣 累死員工
結果出大容量行動電源
我ok 你先買
你確定做品牌手機？不會被G提告？
還沒倒喔
穩了 準備歐印？
再請小勞勃道尼代言
原文標題： 新一代女股神！美國國會議長裴洛西買的每支股票都暴漲？ 原文連結：  發布時間： 2022-01-13 記者署名： 林士蕙 原文內容： 新一代女股神！美國國會議長裴洛西買的每支股票都暴漲？ 文 / 林士蕙 2022-01-13 瀏覽數 40 800+ 新一代女股神！美國國會議長裴洛西買的每支股票都暴漲？ 圖／「新一代女股神」美國國會議長裴洛西（Nancy Pelosi）。Flickr by AFGE Line分享 articlefont 曾喊水就結凍的方舟基金經理人凱西．伍茲（Cathie Wood），2021年績效慘摔，旗下Ark Innovation ETF去年報酬率為-23.5％，遠遜於前一年高達156.6％績效。沒想到，原來 簇擁伍茲的華爾街散戶們，現在改看好國會議長裴洛西的「神操作」。主因是她與老公近 期投資年化報酬一舉超越伍茲、索羅斯與巴菲特，堪稱新一代女股神。但下單時機太巧妙 ，令人起疑。 有供應鏈通膨困擾，聯準會態度忽明忽暗的2021年，被許多投資人公認是詭譎難賺的一年 ，不少投資大師更是跌落神壇，曾在2020年相當風光的方舟（ARK）基金經理人伍茲就是 一例。 方舟基金經理人凱西．伍茲（Cathie Wood）。取自ARK Invest圖／方舟基金經理人凱西 ．伍茲（Cathie Wood）。取自ARK Invest 她曾在2020年疫情初來時，靠著強壓新興科技與生技股大賺，獲得「女股神」稱號。像是 方舟旗下主攻新興科技股的Ark Innovation ETF（ARKK），當年報酬率高達156.6％。主 攻新興生技股的Ark Genomic Revolution ETF（ARKG）則是更亮眼的180.5％。然而到了2 021年，兩者績效都變負，各為-23.5％與-33.9％。 曾經，許多散戶追隨她大談基因編輯、AI醫生等神奇科技，投資只看願景無視基本盤獲利 ，如今被績效嚇得一夕夢醒。不少華爾街專家，更斥責伍茲用理念包裝高風險理財商品， 有欺騙大眾的嫌疑。 不過，這群美股散戶近期改向跟進的新投資「大神」，也有些可疑，那即是現任美國眾議 院議長南西．裴洛西（Nancy Pelosi）。 議長帶我飛！20萬粉絲搶跟單 據美媒《Jacobin》報導，以投資「GameStop」迷因股一夕崛起的華爾街年輕散戶們，現 在密切追蹤裴洛西議長的線上訊息，以便得知她投資動向。 「Iris」手機App開發者克里斯多佛．喬瑟夫（Christopher Josephs）則直指，近兩年來 ，裴洛西幾乎買的每支股票都暴漲，就此啟發了他研發這款App，方便一般人即時追蹤裴 洛西等名人的最新持股名單並買進。 而像是「Free Press Report」組織開發出的機器人推特帳號「@NancyTracker」，會自動 更新裴洛西與她另一半的最新投資持股，並與諸多投資大師績效比較。 這項跟風其來有自。在2020年以來至2021年12月的兩年之內，夫妻兩人投資組合的年化收 益高達69％，這樣的績效在同期間不僅超越伍茲，年化報酬率維持在18％～20％的老股神 巴菲特（Warren Buffett）也只能拜服。 也因此，這個推特帳號在2021年12月被停權前，竟吸引了高達20萬粉絲。 為何一位以政治為本業的國會議長，選股眼光如此精準？有部分原因來自議長的另一半保 羅．裴洛西（Paul Pelosi）。他在舊金山開設一間房地產與風險投資諮詢公司，本身投 資功力自然不弱，「議長老婆」的持股建議多來自於他。 保羅．裴洛西（Paul Pelosi）。Flickr by Financial Times圖／保羅．裴洛西（Paul P elosi）。Flickr by Financial Times 矽谷反壟斷法案投票前，另一半「神看漲」 不過，「Free Press Report」組織之所以開設機器人推特追蹤裴洛西持股，就是懷疑裡 頭交易不單純。例如，2021年7月，當美國眾議院針對矽谷反壟斷法案進行投票的前夕， 保羅．裴洛西就大膽搶進Google母公司Alphabet的看漲期權。 而隨後，眾議院投完票後，針對蘋果（Apple）、Google，臉書（現名Meta）與亞馬遜（A mazon）等矽谷平台的隱私相關法案審議進度，竟始終快不起來，因此讓這些巨頭股票繼 續翻漲。而裴洛西丈夫的這一次操作，就此進帳高達530萬美元獲利。 另據Housestockwatcher.com資訊顯示，裴洛西本人在2021年12月17日也敲進一筆Alphabe t的看漲期權。而她近年來股票交易中，這四大矽谷巨頭公司占比就超過四成，怎能不讓 人起疑有藉職權放水的嫌疑？ 而攤開裴洛西的持股名單，還有輝達（Nvidia）、微軟、Paypal、網飛，美光（Micron） 等，一些支持者便認為，這都是許多人會買的穩健藍籌股，這兩年行情好上漲是應該的。 只是時機巧了點，例如12月中買進的迪士尼（Disney）、美光，都剛好下單在相對低檔， 隨後上漲至今，據推測可能只是很會掌握產業訊息。 最近壓注元宇宙概念股 真是如此？看看2021年12月，裴洛西最新一波壓買漲期權的股票名單，還包括了新興遊戲 公司Roblox。這個被稱為有「元宇宙概念股」的遊戲新秀，可是方舟經理人伍茲長期投注 標的，但是公司從2018年至今，都是虧損狀態。 也許，裴洛西決定偶爾學學伍茲，擁抱新興小公司；要不然，可能就是獲取了來自元宇宙 的內線。 當近期美國不少人建議，應該禁止國會議員買賣股票，以防止他們擅用職權獲得內線之際 ，裴洛西正是大力跳出來反對的關鍵人士。她直呼，美國是自由市場經濟，國會議員應該 有權利買賣股票。這樣的作為，惹得不少國會議員質疑她的立場只是袒護自己。 無論如何，部份人士的確認為該長期監控美國國會議員的投資，而設立了Housestockwatc her.com，包括裴洛西與其他議員的最新交易紀錄，在此網站上都清楚呈現。至於是否該 當作投資參考？只能說，還是那句老話：投資一定有風險，即便是美國權力極大的眾議院 議長，也無法掛保證。 心得/評論： 男股神是巴菲特 前幾年鄉民捧到天上的女股神木頭姊跌若神壇 新一代女股神應該就是美國國會議長裴洛西吧？ 鄉民們應該要好好跟她學習如何投資 賺到爆炸 --
他最近才買蘋果～應該是知道很多事
她買apple 好 我出貨給她接~
當年包爾森還下跪求她捏
買的都是知名且市值極高的股票，內線？
2022年1月的新聞  要不要看這5個月來她買的跌多少
至於買蘋果，1F講一下哪個機構/基金沒持有蘋果的？
這是裁判兼球員
他買大量蘋果微軟吧
他買的都是知名公司，持有的人一推，這篇在說啥
輸拆拆的188%
舊聞是在哈囉
賺翻了
張鈞甯屌打
韓國fish也是投資合一賺翻
她買的87%我也都有 我也股神？笑翻
就裁判長自己下去賭球，當然都贏
你有又怎樣，你買多少他買多少？就像人家張鈞甯成本兩百要怎麼輸
美國輿論和媒體幾乎都不敢抨擊這種事 真是好笑她進出的時間點真得太過厲害
她最近開始買了 訊號來了
超大條內褲線你敢嘴
都六月了 你才發出一月初的新聞？在三月前到五月間不知道有沒有超神跑去賣了再說
所以她這半年的操作是什麼
2022 年都是買 沒有賣的
是他買的股票暴漲還是因為股票會暴漲他才買?
通膨吃掉薪資漲幅 我前4月實質經常性薪資6年來首見衰退 主計總處今 (10) 日公布 4 月工業及服務業薪資統計結果，前 4 月全體受僱員工經常性薪 資平均 44255 元，年增 2.72%，總薪資 64561 元，年增 2.99%；剔除物價因素後，實質經 常性薪資僅 41605 元，年減 0.23%，是 6 年來同期首見衰退，顯然被物價高漲吃掉薪資漲 幅，而實質總薪資 60695 元，也僅年增 0.04%。 就 4 月來看，全體受僱員工經常性薪資平均為 44353 元，月減 0.03%，年增 2.70%，獎金 及加班費等非經常性薪資 7139 元，合計後總薪資為 51492 元，年增 2.66%；其中，部分 工時員工經常性時薪 201 元，月增 1.01%，年增 3.08%。 就行業別經常性薪資變動觀察，因 4 月適逢清明假期，工作日數較少，營建工程業月減 0. 90%；而受疫情衝擊，服務業部門中各行業多較上月衰退，又住宿及餐飲業受疫情影響月減 1.18% 相對多。 另外，前 4 月受僱員工人數平均為 815 萬 5000 人，年減 8000 人或 0.09%，其中，工業 部門增加 0.12%，服務業部門則減少 0.25%，反映疫情的衝擊。 就行業別觀察，藝術娛樂及休閒服務業、批發及零售業分別年減 1 萬 1000 人、9000 人， 醫療保健及社會工作服務業、製造業則分別增加 1 萬 1000 人、5000 人。  心得 目前情況就是全世界一起高通膨，外加疫情嚴重國家、超發貨幣國家會惡性通膨。 --
風向來囉
你前4月的薪資關我什麼事
房地產是低炒作..非常謝謝您的寶貴意見
所以結論是要炒房？
你是誰呀
救命
早就被炒房吃掉很久了   哪來的撥接新聞
不要太不滿
你誰啊 你很重要嗎
干我屁事 自己不爭氣
標題的‘’我”是代表《我國》…
那個 我 是指台灣==樓上那些是在反串ㄇ
還好台灣只是漲物價，沒有通膨才差那麼一點。
假新聞，20元蚵仔麵線哪來通膨
20元蚵仔麵線是RMB....
什麼通膨，那不是通膨好ㄇ
股市萬八
查無通膨，謝謝指教
台灣只有類通膨沒有通膨
: 所以建議出清船票或改買萬海等不在選項喔 : 感謝大家餒 1. 看壞的話 換陽明會比較好，換成低的。現在價差20，當趨勢往下，兩個價差會收斂 ，像以前常態就是 長榮14  陽明 12這樣。 2. 看好的話 換長榮會比較好，價差會拉開。 3. 出清，不在選項，但這其實才是最好的選項，高原期往上頂多到兩百，往下要冒著 回歸常態的風險，五倍QE一輩子能碰到幾次？大概就一次。 我選會3，但我知道你不會選也不願意選3， 因為....你還有錢。 --
基本麵滯脹
4.轉空軍
我在布空單大家參考看看除息完大崩
窩，相信顏董。
賣掉轉空單
相信閻董，年底就懂。
唯一只信2636顏螺王
0056....沒踢掉航運.....沒那麼悲觀吧
等踢掉航運的時候股價早就...
顏羅王的115.128防線不會破
閉著眼睛轉空 半年後會謝謝自己
QE只會一次嗎   QE的糖衣好吃耶
我沒錢  我爸可能也沒錢了  感謝您
原文標題： 美國打通膨鎖定運價 擬對海運業實施24年來最大改革 原文連結：  發布時間： 2022/06/11 13:50 記者署名： 鉅亨網編譯余曉惠 原文內容： 美國周五(10 日）公布的 5月消費者物價指數 （CPI) 顯示通膨壓力沉重，華爾 街日報(WSJ)報遵，為了平抑物價上漲壓力，美國眾議院打算下周採納參議院已通過的「 海運改革法案」，加強對 跨國航運業者的監管，這將是24年來最大改革。 美國眾議院民主黨領袖表示，計劃下周採納參議院版的「海運改革法」（Ocean Shipping Reform Act)，以提高主管機關對海運業務的監管權力，並限制海運業徽收特殊費的能力 ，後者被批評為推升海路運輸價格的因素。 眾院去年雖然通過更嚴格版本的海運改革法，但直到最近幾周，眾院領袖終於決定採納參 院的版本，不再另花時間磋商折衷版法案。 該法案代表海運業者將更難拒絕在美國出口的貨物。過去兩年來，許多海運業昔經常趕著 把空貨櫃送回亞洲，以從收費更高的亞洲出口貨櫃中獲益。 美國農業出口商宣稱，去年因為一櫃難求，錯失數十億美元收入。進口商則抱怨，因為收 取和送回貨櫃的延誤而被開罰。 美國總統拜登本周不只一次提及運價，他周四呼籲國會 「取締」海運業，他說海運業把 價格提高多達1000%，是造成運輸費用上漲的主因。拜登周五在洛杉磯港演說時再度把矛 頭對準海運業，他表示，是時候讓亞洲到美國航線的九大航商明白，他們無法繼續現在的 「敲詐」行為。 美國5月消費者物價指數（CPI 年增率創40 年新高，粉碎通膨觸頂的希望。高通膨引發的 民怨正在影響拜登政府的支持率，分析師說若再不降溫，民主黨可能在11 月期中選舉失 去國會多數席次。 拜登周五說：「對抗通膨的關鐽對策之一，就是降低貨物運輸的成本。」海運和貿易官員 表示，FMC 已經擁有法案中提出的多數執法工具，但把細節 納入法律，能讓FMC 面對航商提起的法律挑戰站在更有利的位置，更勇於採取行動。 然而，專精國際貿易的美國喬治梅森大學學者 Christine McDaniel 表示，改革法案可能 對幾年前仍苦苦掙扎的海運業帶來意想不到的後果，包括對海運業者拒絕美國出口貨物設 下的限制，以及把 延誤的舉證責任交給海運業者。 由於美國消費者支出疲軟，運價已經大幅下跌，從亞洲到美西繁忙航線的貨櫃平均即期運 價過去三個月下跌 41%至9588 美元。洛杉磯和長灘港等待卸貨的貨櫃船數量也減少，截 至周四為 20艘，較1月破紀錄的 109 艘大幅下滑。 心得/評論： 九大航商被拜登和國會盯上了，資金換到萬海會不會比較安全。通膨的重點是油價，拜登 卻想從運費下手。 --
2年前的最美 現在不美
崩
高運費已被定調為勒索行為
去年一堆水手包含偶都不信邪 然後就變水鬼了
文組治國不管在那個國家都一樣智障
話說全美平均油價破5美元了
笑死 油價問題比航運問題多N倍 不去處理油價 只會搞航運
回不去了
水手還在吹eps
現在應該沒缺運能 運費是該降價了吧
航運算是利空出盡嗎？
這樣搞通膨絕對更嚴重
不爽不要運 運費又要漲了
事實就是這些海運公司不需要賺這麼多 也能活得很好
先搞定油價比較實在
運價剩一半  通膨少一半啊  水手套很多？
丸子
一堆老闆都說運價貴到哭  還能說運價跟通膨無關？
沒屁用
燃油附加費航運公司可以合理收取 運費設一個cap應該是可行的
要降低運輸成本就去降低油價啊 失智登
俄羅斯不吞 當然航運業者吞啊 水手又把拜登當塑膠？
笑死
咕嚕咕嚕
+~老師預告在前
運價翻幾倍賺了  就算打七折  航運也賺翻
白癡政策 笑死
也許美國政府跟航商簽約合理運價保障十年  顆顆運價砍半  然後保障十年  這樣雙贏  嘻嘻
完了　去年七月拜登說要管運價　長榮就233->85這次長榮大概要破85了
無聊的要死 去年就講過了 美國貿易逆差這麼大
最根本的油不處理在那邊蝦搞
高登是撥接上網逆 笑死
要人貨櫃船等你 就會造成美國各港變成停船區而已但是美國在高通膨下依然會非常仰賴中國低價商品
從中國運來的商品少了 基層生活更慘 得去買高價的
要噴囉
可憐拜登還是下去吧
 登登不高興惹
阿你是變得出低價商品哦? 不打通膨打這個 失智登
87失智登
怎麼不說3C產品應該降低售價，都沒人要買了 哭哭
所以美國是出口大國就對了
最重要的是油沒錯~~但運費是第二重要的..水手早點
換到萬海是什麼概念.. 就一起跌
說實話 這樣搞只會通膨更加嚴重… 美國港口效率超低 等櫃裝好要等天??? 別人貨是不用運了嗎
登登要拿evergreen來祭旗惹ㄇ 去年7月就是這樣搞
不怕，跌的時候只要罵一下提醒的人是航酸，然後說自己成本在50以下就好了
認清事實吧..
飯都吃不飽了 還跟你買手機 電動車？
登能兒一個
航運營收年增多少就代表通膨影響多少  不打運價才真的失智
笑死，整天放話威脅的自由市場
沒說不能賺阿  但超賺成這樣還要說成是自由經濟就太
失智老人到底有沒有發現是自己不跟國內油商下跪的問題
運費成本有很高原因還是油價啊....
把政府當白痴~~
就算運價腰斬  也還是爆賺  通膨不爆炸才怪
油價原物料乾運價屁事
超賺是說房市嗎
所以說油價勒
白癡政府 油價不管XD
運價腰斬  cpi直接大跌  砍運價錯了嗎？
房市都能打壓了 運費不能打壓??
美國要求所有盟國關閉港口，沒貨可運，運價就下來了
超賺幾倍 ~賺很多~ 還是不爽不要賺0收入 自己選一個
這樣一個CYCLE會拖更久 對美國進口商是利多嗎?
沒貨可運然後國內也沒貨 然後呢XD CPI還不噴爆
現在是服務業通膨，打商品意義不大
咕嚕咕嚕
再卡個運價天花板，一櫃上限1000美，老大說了算
就算沒有這個，早晚也會下去，意義不大
只有蘋果可以賺 其他人都該死
塞港一直都是你美國港口處理太慢吧現在只是因為大型航商沒有美國公司
失智老人：牙齒咬不動了 要挑軟的吃
所以才在鬼叫
海運利空連發各位知道怎麼操作了吧
前面不是才說運價是市場導向 現在又要干涉運價 我看是喊喊的
貨櫃要開始變成死魚股了
星期一要跌停啦
完蛋囉
下去囉
股價會下去，但是運價要下去想太多，顆顆
到時候就沒人要運貨 看老美怎麼辦
運力都在美國等，那畫面太美，我不敢想像！
強制不能運空櫃.這樣一趟要更久.運能不夠運價會?
十年對稱跌幅？？
航酸都說了 運價已經腰斬 哪可能是運價導致通膨的
總有一方要吸收美國運輸無效率的成本
美國賺不到錢所以航運不算自由貿易而是敲詐 懂了
越來越智障... 不趕快把空貨櫃運回亞洲裝來賣 怎麼
阿榮 阿明886
降低物價?? 空船在你美國閒置等貨櫃回來喔??
只要管，就是噴
下週阿榮大概120吧殖利率好高
支持
一篇一根不要不信
美國是老大 球員兼裁判怎麼鬥得過？
沃爾瑪庫存都創新高了，早就不塞港了，現在才在搞航運是吃飽太閒是不是，快去壓油價
左膠治國 政策往反方向 美國毀滅真的靠民主黨就夠了
不是啊，沒人要載貨過去通膨不是更嚴重？
期待美國要怎樣打壓運價
附加費是對出口的收不是對進口的收阿~
世界第一大的資本主義國家
庫存過高 物價太高?? 總要有老闆撐不住少賺賠錢賣吧
讚啦  砍得好
之前是缺櫃，失智登這一搞要缺船了
難怪會被認為失智，港口效率低不解決問題，來去製造另外一個問題，真有才，把港口自動化效率提高，問題不就解決了！
美國有貨櫃公司嗎？少管閒事
貨櫃航商大利多，拜登準備讓美國港口塞爆
笑死，反正油價解決不了，找關連不大的事轉移注意力
很明顯是美西碼頭談判不樂觀急著轉移焦點
轉移焦點
好 不去美國載
獨裁國家可以要軍警去脅迫航運公司
失智登不尊重市場機制要翻桌
笑死 搞到最後大家不送美國
完了 拜登認證
運費確實就是太貴啊  不然勒?
沒賺頭更沒人運 繼續缺貨通膨
但港口效率差也要解決R
其實我認為回歸市場機制即可
就不停美國港，譲美國自己的貨運公司去轉運，結果運費更貴
沒石油就是無解不管 如何干預
失智登繼續耍憨 有夠廢
貴的是油吧 運價高檔一年了 一年前沒通膨 現在突然有了喔 傻屌拜登
航海王瑟瑟發抖
之前路運司機不是也停一堆 效率有夠慢
況且還有戰爭結果那些老大們只想通膨，其實顛倒了，應該想怎麼停止戰爭比較快
真的有夠低能 去年十二月運費最高時，也沒人哭貴
看到好幾個水手在酸酸，可能停損賠很大改當無腦酸
今年1-5月運價跌快20%，通膨呢？
難怪這幾天馬斯機 zim都拉回 真的有內線!
掰噗
下週一9:00準時綠燈伺候
船等你會更慘 相信我 到亞洲從沒塞過…亞洲缺船運你美國要的貨才那麼貴
Make America SUCK again
海運業：我這兩年賺十年，我現在制裁美國不開不行？看誰先垮
失智老人終於發作了
我看你制裁石油結果暴漲，我海運業現在賺到能跟你耗，看你需要我，還是我大航海王需要你這個失智老人
崩崩
到時候搞到物價下不去還買不到東西
拜登又來了
失智登可笑，但三熊還是要崩XD
塊 陶 啊
美歐計劃成立石油買方卡特爾 讓俄油賣到歐洲以外國家 (1 天前)
歐美船都有內線了早就先崩一波
解決油價的方法，還是要靠俄國，要印度中國配合?
航運 is over~請你不要再提起~誰也不必再追憶
海運業那我們就慢慢來，價格不好成本考量艙位規劃，我們慢慢到你美國，讓你們大缺貨
船跳過美港就好了，進口商自己去處理運輸入  ，多加
看吧 拜登一出手 下半年運價直接腰斬起跳 水手還在等200 笑死
轉運處理成本，運費肯定更貴
認識的業內都說運價下半年大回檔 現在股價明顯高估
本來運價會正常回檔，拜搞下去就難說了
失智登 管不了油商 也控制不了港口  只會馬後炮 跟我們CDC87分像
左膠到底可以多白癡 讓我們繼續看下去
先提高一下美國的港口的貨櫃裝卸效率吧
聽說美國是自由經濟？市場機制？
智障登想壓通膨就快點提供火力給烏克蘭打敗俄國阿
我記得現在美西港口預約制 所要看起來沒排隊
選錯人真的慘
海運這次真的是發災難財 美國養肥準備割韭菜了
左左就是婊子裝在室，如果由結果推論動機，搞不好拜根本不想壓油價，間接不想壓通膨。只想騙選票
怎麼上去 怎麼下來
快點跑吧，不要挑戰政策
陽長瑟瑟發抖
怨天怨地就是不怪自己，這種人能當世界首領...唉
去年謠傳拜登打壓運價 股價崩了一陣子
各大海運賺到瘋掉 的確是在賺時機財沒錯啊
時機財太遜惹  蘋果都每年收香火錢~~~
運輸業苦哈哈時 美國政府不聞不問 等賺大錢時 干預就來了
這只是想為選票轉移焦點吧 爛政策
歷史經驗，通常都越管越慘你要壓價格，供給就下降，結果更死
問題不是在石油嗎
不能有空白航班的話，航商跑美國線風險會很大
運費就該干預，一年賺十年還不夠，每年都想賺十年喔
坐等Q3美國線漲翻
我會給他一個無法拒絕的條件
處理不了油價 開始轉移焦點
拜登乾脆訂一個櫃多少錢好了，固定價錢棒棒。
塊桃鴨
美國開始動手了 讚喔
之前油價還沒漲這麼高的 運價早就噴到天上去了
裝集箱船在美港口，不只要排隊卸貨，還要傻等出口貨物裝船，再來個罷工的話，有機會看見美超市貨架空空的新聞，拜登政府真讚
繼續亂搞阿，等有心人士在美國放風向，人人有槍就會很亂
確實，之前高運價太扯
真的很好奇美國老大要怎限制這些業者
失智登
北七 去年就那麼高都沒有
敲詐行為了 敢跟美國政府對著幹 真有勇氣
現在民怨高漲 美國政府要找個對象下手了 嘻嘻
怎麼不對油價和糧食直接下手，叫商人不准賺阿
韓國制裁後美國也跟進了
他有洞沒錯，但是這風險先跑比較好
豁免關稅 限制運價 油價創新高  不愧是失智老人
噴出
下去囉~
可憐啊拜登
殺
告訴你一個秘密 美國人不要一直買東西就好了啊
崩崩!!
左膠真的是智障== 台灣也一個要50%天然氣的
哎 失智老人只剩那張嘴
左膠的世界是否沒有經濟學概念= =？
的確是敲詐 但你是民主國家啊
長榮14x應該就是高點了，期待末升段的QQ
咕嚕咕嚕
老歡顛
柿子果然挑軟的捏
水手瑟瑟發抖 準備咕嚕咕嚕XDDDD
股價反應一切
航運股表示：x的……
一堆水手在怕了 笑死
50塊老水手等你
記得上次也是一堆水手把拜登當塑膠結果大崩大噴射大趴體
叫航商讓利？core cpi 房價房租也在飆怎麼不叫建商讓利？
原油控制不了， OPEC沒有再鳥美國的
噗噗  掰登  除了講屁話 有什麼實際作為
放棄環保 讓老舊船出來載貨噴硫就降價囉
民主黨對自由市場表示:航運商敲詐我們民主黨真的喜歡控制一切
唉！如果沒記錯，運價高漲起因於因運輸供應鏈瓶頸(來自於終端需求遠大於運輸供給因硬體設施老舊造成塞港)所引發通膨(但尚不嚴重 美國FED應可藉由《升息用縮表》控制)，惟，後來是因遇上《烏俄引爆戰爭》導致各國祭出抵制與懲罰，使《油價與原物料大幅供需失衡》進而使通膨更加嚴重與飆升(伴隨物價飆升)最後影響需求端減少 。唉！問題重點在《俄烏戰爭》何時平息…方能使原油與原物料供需恢復平衡 才是根本，美歐各國感覺好像不希望積極讓戰爭早日平息？凡事《適可而止》否則，小心最後也會反噬傷及自己。
由政府限制市場 能不能抓好平衡很難說 一開始或許可以達到某些緊急效果 但長久來講政府效率會輸給市場機制的可能性很大航商獲利大減就沒動力增加運力 若政府沒配套措施反而會讓運輸市場沒動力加快效率貨到不了終端 供不應求下通膨一樣會上去
看來不可能填息了，趕緊賣出妥當…
米國爸爸其實很好戰喔，戰爭是門好生意，沒打到本土都ok的
自已賣軍火貴的要命，還不準人家運費漲價爛死了。
油opec opec+都不理拜登 自家頁岩油也不開大 現在找船船開刀囉 可憐 市場機制被說成敲詐
哭嚕
丸子，去年七月也是拜登說要壓運費，股價就崩了
怎麼讓一個智障當總統
好人苦口婆心勸說 水手都當航酸不理 哀
運價也是通膨幫凶不砍運價 最後還不是消費者吸收
護國神船
台灣真的很扯 一個小國家九大航商就佔兩個==
敗登.....
原文標題： 美股重挫投資人嚇壞　櫃買中心信心喊話：基本面仍穩健 ※請勿刪減原文標題 原文連結：  ※網址超過一行過長請用縮網址工具 發布時間： 2022-06-11 15:14 ※請以原文網頁/報紙之發布時間為準 記者署名： 記者廖婕妤／台北報導 ※原文無記載者得留空 原文內容： 國際股市近期大幅震盪，美國5月CPI年增8.6％，創下40年新高， 市場擔憂通膨、升息幅度加深，美股週五（10日）重挫， 台股本週下跌92.45點，週線終結連3紅， 對此，櫃買中心呼籲，上櫃公司基本面穩健， 投資人應理性審慎看待近期行情變化，並注意投資風險。 櫃買中心指出，今年以來國內經濟持續表現穩健， 上櫃公司今年營收表現也跟上經濟趨勢， 上櫃公司今年5月單月營收為2 306億元，較上月成長5.35％， 且較去年同期成長約7.02％； 此外，今年1至5月累計營收為1兆1 164億元，較去年同期成長約8.35％， 顯示上櫃公司基本面穩健，營收表現持續維持成長動能。 櫃買中心表示，由於上櫃公司近期財務業務表現優異， 有基本面作為支撐，投資人無須過於恐慌， 建議投資人可持續關注基本面表現佳、殖利率高之個股， 理性審慎分析投資策略及相關情勢。 關鍵字： 台股 ﹑ 櫃買中心 心得/評論： ※必需填寫滿30字，無意義者板規處分 櫃買中心呼籲 投資人要保持理性 無須過度恐慌 台股基本面穩健  建議可以持續關注基本面佳 殖利率高之個股 來了來了 該吃麵囉 --
我ok 你先買
禮拜六就在喊 太早
基本面不如一碗泡麵  賣股買泡麵  囉
櫃買下周繼續漲.生技股權重在櫃買持續攀升
通常出來喊話，做空比做多贏面更大
喊了就開始佈空單 覺得會漲喊這個幹嘛xd
美國基本面不穩建嗎XD
上市櫃公司都宣布要買回庫藏股這樣
今天假日幹嘛特別發新聞稿
週五還拉那麼高
週五拉太高會怕齁，下週一被外資無情提款嘻嘻。
99鰻魚
有沒有別句
每次下跌都講一樣的話
Zzzzzzzz怎麼每次都講一樣的話
不用一年到頭出來發表一樣的話
星期五大跌想影響到星期一很難啦...頂多開低而已
留給退休金買
何時不穩健？
基本麵每次都拿出來賣
丸子
都演幾次了...多軍還有錢是要怎麼跌 空軍只能哭尾盤
相信政府相信黨？
拜託都幾次了！現在還會感到驚恐真的是無知可悲的韭菜！
大家不要跑QQ
下週美國升息是不是還要再恐怖一次！月月升息月月嚇死！敢買股票就要堅強點吧！
嘻嘻
喊話沒有用啦
呵呵
笑死  禮拜一元太跌停吧
嘻嘻 做多元太何需恐慌?
別再用我的退休金，快見底了
沒錯 下半年賺錢只會翻倍翻倍再翻倍賺 上半年賺一塊 下半年賺少20塊 基本面良好 投資人不用擔心
基本面比的上一碗泡麵嗎？X
你們不要跑先讓大戶賣
快要喊半年了....
可憐哪
我就問美國基本面會輸？
櫃買中心：救我
國安基金密切注意中櫃買前兩天都很強  該崩了
禮拜一穩了  我先空兩單
翻譯 ：韭菜不要逃
基本麵讚讚
星期一絕對開低走高的 黑手一出手 散戶帶起頭盔衝鋒
只要看到"勿恐慌" "基本面穩健" 基本上就是要崩盤了因為真的穩的時候才不會在那邊找基本面五窮六絕七上吊  希望各位好好活著
大哥櫃買都跑幾天了  現在出來喊是在?
嘿嘿 現在不跑難道要等金融海嘯？
是跌多少了?開盤都還沒開就在喊話
反著看
通常出來喊這種話市場都會大跌給你看坐穩了各位….
上櫃垃圾超多 還想騙錢
喊完準備吃一根
哪天櫃買中心不喊基本面穩健時  股價才穩健這只是開始
在森林裡遇到熊的時候，不用跑得比熊快，只要跑得比你身旁的有人還快就可以。
很怕週一開盤吼
注意！
賭場怕客人跑走
資金避風港？
笑死 今年幾乎每個月都在喊
建議投資人可持續關注基本面表現佳、殖利率高之個股因為這些都是今年要開殺的重點
基本面怎麼跟泡麵比？一個只會跌一個只會漲
慘了上次這樣喊好像400還500點 向上向下不好說
中國威脅台灣，是在穩定什麼?
基本麵如果好吃   官員怎不賣房歐印股票呢??
喊到萬二
快逃啊
還吃基本麵啊都吃了幾個月了
cc
禮拜一先噴一波 QQ
未看先推基本麵涼好，本益比低
開盤一定一堆自栩逢低買進 黑手放給買 平盤收
從來沒聽過政府說基本面不健全.這個時代只能說好話
氣象局：正常能量釋放
沒用的單位..你叫小鵝別賣啊
糟糕了星期一
吃麵囉
拿錄放機重播就可以 同樣的話不需要重覆喊
大….桃……沙
吃到哲哲口水?
我ok你先買
吹哨子壯膽
原文標題： 台灣港務公司賣陽明股票累計已賺54億　今日申報賣最後一批8千張 原文連結：  發布時間： 2022年06月10日 19:29 記者署名：張佩芬 原文內容： 台灣港務公司去年至今分三批出售陽明(2609)，已經賺進54.45億元，今(10)日傍晚再申 報轉讓8千張，如果以過去一個月賣出的每平均價126.33元計算，扣掉成本價20.84元，估 計可以再賺進8.43億元，港務公司董事長李賢義表示，剩下的15.89萬餘張股票不會再賣 ，會等著領31.78億餘現金股利。 港務公司去年賣11.95萬張陽明股票，賺了28.9億元，今年4月初到5月初賣的1.5萬張賺了 約15億，5月中至今賣出的1萬張，獲利約10.55億元，今天申請再賣8千張，估獲利8.43億 元，股息部分要繳20%稅金，約實得25.42億元，估計總獲利將高達88.27億元。李賢義表 示是最後一批了，其餘會當長期投資，保有陽明第三大股東身分。 曾經讓港務公司列了18億虧損，遭到監察院的調查的陽明股票投資案，水餃股變成黃金股 ，不但取回總買股成本約40億元，剩下的15.89萬餘張股票都是零成本，明年估計獲分配 的股利會高於今年的31.78億餘元。 港務公司在2012年買下陽明私募轉換公司債40億元，業界都以為該公司是配合政府政策， 買下陽明公司債，但當時的港務公司首任董事長蕭丁訓斬釘截鐵的表示，會買下陽明公司 債，完全是業務考量。 已經退休的蕭丁訓指出，陽明是港務公司第二大客戶，當時陽明標下的高雄港第六貨櫃中 心才興建到一半，陽明關係到台灣進出口貨物能否直接運送到歐美，不要經過其他國家轉 運，也關係到高雄港樞紐地位，當時陽明財務有困難，港務公司當然要伸出援手，也維護 港務公司利益。 這筆公司債歷經陽明減增資後，去年經過強轉債，以每股20.84元價格換得19.19萬餘張陽 明股票。港務公司在2017年也參加陽明私募，以12元的價格，取陽明11.95萬張股票，這 一部分港務公司去年已經全部售出，賺了28.9億元，當時每股平均售價37.1元，曾被股民 笑說賤賣了，但是回想陽明在2020年3月19日，股價曾經跌至4.72元，已經是很好的價格 。 台灣港務公司因為是官股企業，賣陽明股票的獲利，只有23.5%可以留下，有33%要交給國 庫，27%做航港基金，16.2%要交給縣市政府。 心得/評論： 原來剩下16萬大軍，如今只剩8000殘兵，其餘打道回府領股利啦，潛在賣壓瞬間沒了，話 說上個月申報1萬張時，嚇的韭菜水鬼前幾天瘋狂砍出，但港務局沒有要賤賣造成賣壓啊 ，一萬張平均成交126元多，看著申報後三天瘋狂砍出認賠的水鬼笑而不語～申報當天陽 明123元，直到賣完一萬張過程高點還有130元～為什麼一堆人急著頭三天人踩人砍到112 元呢^ ^尤其是長榮水鬼帶頭傻～ 可怕的不是港務局賣壓，而是認賠的水鬼～  --
上次也說剩下的不會再賣
改標題？  掰
最後的最後，壓箱寶拿出來賣了，限量8000張，先搶先贏
睪割離席
賣完可以噴了吧
利空出盡了沒
再不賣要崩啦
會有人說沒有零成本這回事吧XD
股板的水手，人人零成本，沒在怕的好嗎
一張不賣
賣祖產也能那麼大聲？真那麼厲害，200up怎麼不直接全部脫手？
永遠還有最後一批=.=
0056：OvO
國巨3.0
QQ最後的接盤俠是誰！！！
高歌
No Zero Cost就說不要再零成本啦XDDDDD
高歌離席 一直賣一直爽
就跟渣男說你是我今生的最愛一樣 嘻嘻
當初182認購的，不知道在想什麼
你手上幾萬張股票 除非你是航海王 不然一次賣出人家會怎麼想...
不要擔心 殖利率會持續上升
真的  殖利率越高 越賺 賺爛了賺爛了
航海王高割離席 剩沒賺到的韭菜還再冒險賺小錢XDDDD再說一次 還在船上的水手 不要自以為比航海王聰明
本多終勝
推 航海王都收割走人多久了，水手還在等船沉
竟然不等0056(X
高歌離席  剩下韭菜水手被套等賠錢賣怎麼上去就怎麼下來  等著6塊抱牢吧
太好了 要沒有賣壓了嗎 嗚嗚嗚嗚
大戶也走嘍
130賣 5元買入
大家都不看好，穩了
0056:好吃^U^
靠 太爽了
高歌離席
.....還有15萬張上次那個說一張不賣奇蹟自來的...陽明幾乎都沒造船，公司派既然保守，那投資人當然也要跟著保守
便宜賣我1萬張就好
懂割韭菜 嘻嘻
陽明有造船啦 只是沒有因為這次運價高漲而大造船就是正常汰換舊船跟因應環保趨勢造新式環保船 不過保守倒是事實
有夠神
三年後再用十元買回來
高割離席
高割離席 爽啦
....一張不賣 我怎麼有種既視感
高歌離席 賺爛了
航海王搞不好三不五時發499，然後收割跟單的韭菜呢
高歌離席
真的 搞不好航海王都偷偷499亂買收割呢
我又賣啦！我又買啦！打我啊！笨蛋
賣股票比較好賺，這不是訊號
賺爛了賺爛了
原文標題： 美汽油高漲 拜登批埃克森美孚「賺得比上帝還多」 原文連結：  發布時間： 20220611 記者署名： 原文內容： 美國總統拜登週五（10日）抨擊埃克森美孚（Exxon），在美國人支付創紀錄昂貴的汽油 價格同時，這家石油公司不斷收取創紀錄的利潤，諷刺其「賺的錢都比上帝還多了」。 《商業內幕》報導，拜登在加州1次演講上談論通膨問題，他表示：「我們將確保每個人 都知道埃克森美孚的利潤，埃克森美孚今年賺的錢比上帝還多。」 美國週五公佈5月CPI年增8.6%，創自1981年12月以來最大漲幅，意味著通膨尚未觸頂，而 能源成本為主要驅動因素之一。 據悉，埃克森美孚週四股價收於2014年以來最高水平，該股在週五下跌1.86%，收100.46 美元。 報導指出，對那些在疫情嚴峻時期市值大幅縮水的能源公司來說，近期油價飆升標誌著重 大轉變，因為隨著全球回歸正常經濟活動、重啟旅遊，市場對石油的需求猛增，現在美國 汽車協會（AAA）每加侖的汽油價格平均達5美元左右，預計未來還會更高。 心得/評論： 查一下每日郵報 拜登原文是 "Exxon made more money than God this year." 幾點補充 1.埃克森美孚報告稱， 2021 年的淨收入為 230 億美元，過去 12 個月的收入為 258 億美元 2.美國雜貨類上漲11.9%  汽油上漲48.7% 3.不包括食品與能源的通脹率也超過預期(6%) 要飛天了嗎  --
現在很多美國民眾怪罪高物價給拜登 拜登當然要甩鍋
布丁不知道賺的比幾個上帝多
ㄅ是 上帝不是無本生意嗎 可以這樣比?
你家地下有便宜的油不用 還在那哭爸
失智老人只剩張嘴抱怨了嗎？
甩鍋甩起來
油商：「怪我嘍？」
1公升40左右會很貴嗎？美國有包含燃料稅？
夠了沒啊  不是選你來抱怨的
失智老人怪東怪西就不是怪自己
電動車的時代來了
白痴左蠢的起手式 怪資本家
賺太多會被盯上
然後開始搞共產黨最愛的價格管制 最後起反效果
幹！我幹嘛把XOM換ZIM
懷念川普 這失智登廢成這樣還想連任
通膨還是有很受益的廠商。。。。。。。。。。
智障拜登
現在就是規定企業不能賺錢，笑死人，是想要共產嗎
怪我嘍
老歡顛
拜登不是就是你制裁搞出來的
左蠢不意外
你選前搞到自家頁岩油現在沒人甩你增產，你怎麼不怪自己，難道突然失智，
是在？頁岩油誰當初死不開？碼頭基礎建設去年七月到現在做了多少？
台灣補貼到賠死
現在歐豬也上失智列車而且還超級失智，能源3成靠進口敢跟美國自己能生產的一起上車，也是勇氣可嘉
蘋果 嘿嘿 漲價有理
時間來不及了啦，現在開採也要明年二月才有量，現在沒救了，感謝拜登制裁全球經濟跟能源
油商：還不你搞的 怪我囉
笑死 怎麼有股既視感
去跟上帝告狀ㄚ
美國脫離神的旨意 沒了信仰 教徒變少 才會賺的比上帝少啊.. 不然十一怎麼可能比一間石油公司少
叫上帝賺多一點啊 笑死 上帝都拿出來講
Fed 就算升三碼也沒救，源頭就是石油，沒解決就只是強心針打下去撐兩個月，時間到一樣升天，明年還有糧食問題會跑出來，結論就是感謝拜登
懷念川普
不是 你頁岩油開下去就搞定的東西
川普執行力強太多了 ... 民主黨上台只會嘴砲石油商才不會屌失智 ... 呵呵
永遠只出張嘴的失智登
沙烏地石油公司賺更多怎麼不說
垃圾拜登 怪東怪西就是不怪自己
這些道貌岸然的左膠真的好廢
200多億美金算多?
你的綠能不是很厲害嗎
川普大大，我好想你!
拜登真的廢  川普只是假瘋但精明的很
牽線木偶注定了
不知道該怎麼酸他了
老番癲，就是你讓他們賺這麼多的
人家疫情的時候賠到地獄裡怎麼不說？
上帝：我先看看未實現損益
照照鏡子好爆 失智的幹話爺爺==
這算摳訓嗎？上帝認證的
可能只有左蠢不知道洛克菲勒本來就錢多媲美上帝
拜振華史上最弱美總 壯哉我大中國
在那裡搞制裁缺貨才在那怪價錢高，不就自己搞的嗎
你不會挖自己家的油降價？
總統智能只有這樣，認真的？
欸不對 上帝什麼時候賺過很多錢？？
拜登只有兩條路，一是開頁岩油，另一條是用某種手段結束烏俄戰爭然後讓親美政權替代布丁，不過...
賺太多不對，是商業機制有問題，還是想要共產？
兩年前 負油價的時候怎麼不出來喊
可4拜阿公，油價會這樣你也推了一把
堂堂米國總統搞得跟小學生似的.....
欸不是啊，頁岩油開下去啊被進步仔綁架的智障
智障喔？怎麼不去罵蘋果賺多少？
可憐的XOM
失智老人 還是說通膨是月球害得好了 笑死
油商：登能兒 沒欠你欸
照這道理，台GG應該也賺太多了
首先你怎麼知道上帝賺多少？
有夠白癡的 不去罵臉書賺多少詐騙黑心錢罵艾克森美孚？
可悲 情勒仔
失智仔
可悲失智老人
梵諦岡幫上帝賺錢啊~
接下來會不會 海運賺得比耶穌還多
會，失智拜登出手制裁海運ㄌ？
低能登
總統認證的飆股
聯準會升三碼肯定可以壓下通膨，更何況美國開採石油成本不算低，美國主力還是便宜的LNG
ㄟ 所以上帝賺多少 有財報嗎?
繼續吸收成本下去中油什麼時候會破產？吸收到汽油比美國便宜真是太誇張
總統認證的飆股 愛克生美孚 ZIM小咖被吊起來打
聽說加州油價已經超過$8了
XDDD開始鬥地主了嗎
資本帝國的老大怪企業賺太多？
*$6說是這一波上看$8
失智
民主黨還是下去吧
何時要來檢討電子業賺太多 電商業賺太多
水手：幹
真的有夠廢的失智老人
失智快去看醫生
只能自己選的 自己承擔吧 = =哀
我很好奇拜登要怎麼打擊油價0.0..
上帝：你ㄉ94我ㄉ，我什麼時候需要賺錢ㄌ？
拜登信的那個會收錢?(筆記)
失智仔沒屁用出張嘴
你跟上帝很熟齁
失智老人討厭賺大錢的行業........航運 石油
拜登這回覆有夠無理
自己不想辦法ㄧ直怪別人
自找的，討好那群騙子左膠，你自己上來就搞頁岩油+川普給過的美加油管啊，現在業力引爆怪誰
我要換oxy
他們哪裡討厭賺大錢  是討厭沒買到賺大錢的股票(X
賺得比布丁少一點
美國覺青的最佳選擇
川普：讓我來啦 繼續印鈔票 哈哈哈哈哈
還不是你這失智登搞出來的
甩鍋登，通膨先推給FED，現在FED坦不住，開始抓標的獵巫了
就你造成的 還推
拜登連上帝都敢得罪？
甩鍋仔
川普：懷念我嗎 
失智老人不忍噓
現在是不準企業賺錢嗎？ 社會主義人渣想搞共產喔
2020油價重挫就沒說話 現在開始罵XD
又沒有違法 這樣也不行?
還不是你的狗屁政策
XD
美國也是產油大國，開出來7折賣，保證油價一瀉千里，自己不開採怪誰
自由時報真的很奇妙然後又一直發我們看起來失智登無能的新聞
...這....默默為美國人民哀悼
民調低開始牽拖
又知道上帝賺多少？
嗯嗯，黨不給的你不能要，這很熟悉
你各位的教義不是賺錢榮耀上帝嗎
乾換個正常人好嗎
十一奉獻呢 大家油錢花費有佔據生活費10%嗎
怪我囉
左膠自己就不信上帝的~ 這樣消費上帝對嗎??
失智老人是不是都只會怪別人  自己什麼都做不了
美國民眾選舉教訓到自己
繼續開油車啊 自找的怪誰
可憐哪
我本來也有便宜的xom
2020埃克森美孚被道瓊指數剔除的時候，很多人說石油巨頭殞落，現在又賺得比上帝還多了
不對吧，應該是電動車吹過頭，油商被逼著減產，現在需求莫名其妙的大，油商幹嘛背風險增產?
誰害石油飆漲的 可憐啊
他有跟上帝聊過薪水? 還有是誰發給上帝薪水?
他怎知道上帝賺多少？ XDD
他覺得自己就是上帝啊
上帝會賺錢? 哪本聖經?
碰到智障就只能束手無策
他每天都看到上帝嗎
賺最多的是 蘋果 msft Google 你知道嗎失智登蘋果是信仰
可撥老人
蘋果一年淨利千億美元 去加州抽稅啊
可憐哪 
Google淨利也700多億美金 這些公司才可怕可惜都是民主黨金主 沒人敢動
裴投顧的他會講嗎(
邏輯？
等等，這是影射上帝也貪財嗎
美國那些富豪才是賺最多的吧？
不爽不要加油
正事不做只會搞鬥爭 民主黨果然是色違共產黨
頁岩油表示…
推3F meta 上帝是無本生意XD
怪普丁怪石油公司怪海運 就是不會檢討自己
拜登的意思是，其實上帝也沒賺很多
不幫忙油商多開一點井就算了還攻擊油商 想要通膨爆
搞不好靠宗教斂財的賺得還比上帝多
炸是嗎
疫情慘賠的時候怎沒聽你哀悼
拜登知道上帝網銀密碼XD
上帝:我賺多少都被你知道了
不就你停止頁岩油啊
※ 引述《democrat (democrat)》之銘言： : 原文恕刪，再補充幾點台灣央行不會升息的理由。 : 第一，明年政府要調基本工資 5%，靠著拉高基本工資來讓底層度過通膨。 : 第二，台灣CPI可以靠著中油跟台電凍漲來壓制，這是台灣少數的強大武器，後續可以靠 : 出口企業上繳的稅金來補貼國營虧損（台幣貶值還有利），藉此即減少民間的油電成本壓 : 制通膨。 : 第三，美元兌台幣現在匯率29.7，之前長期都在31～33浮動，還有很大的操縱空間，短期 : 繼續貶沒問題，還有利出口。 : 第四，即使台灣升息，只要沒有升的比美國多資金還是會跑，台幣依然會貶。 : 第五，美金Strong buy，我看不到任何台灣要升息壓制通膨的理由。 : - : Sent from JPTT on my iPhone 從六月來看五月初這篇文，最近新聞又在吵要漲基本工資了，看來六月央行升息最多就半碼。 台灣沒理由跟上美國升息幅度，由於水電物價都是靠出口企業的稅金補貼，台灣通膨才能壓在3.5%，升息還會影響到出口企業融資成本，台幣貶值也算是回饋台灣科技業，有利出口。 靠著出口稅金補貼，民眾已經享受到低廉的物價，還要大幅升息不就太貪心了嗎？ 由此來看，數位轉型帶動晶片需求持續成長，利率跟匯率都有利台灣出口企業，台股大盤最近這麼強不是沒有理由。 - Sent from JPTT on my iPhone --
現在歐印美金來的及嗎
確實
我真的不相信台灣通膨才3.5%
台字輩 無腦多 賺錢好簡單
台灣沒壓油電的話通膨會多少
美國人也不相信通膨只有年增8.6%
你的世界只有科技業?
主要是30以下的台幣真的不行啊. 我們都是出口ㄟ
台灣如果不升息，會成為這次最大的受害者。日本在下一盤大棋，台灣如果不有點作為會很糟糕。
根本本末倒置 不升息台幣弱勢物價會低廉？
台灣至少要3-4碼 ，才可能扛過這次危機。疫情其實讓台灣有足夠資本升息
六月一定要一碼，我國利率比美國低就會有匯率操縱的嫌疑
講得好像都是出口企業在繳稅
如果不升息，可以參考以前的越南或是其他東南亞區。那是未來的情況
你只升息半碼根本是授人把柄，不要以為可以一直吃美國豆腐
現在是油電凍漲 等選舉完油電雙漲再來說嘴吧
觀察名單？
中油不知道撐不撐的到年底
台灣廠商低價油電人力用爽爽~~~
中油凍漲已經快虧死了
解釋怪怪的
南韓政府都狂升息了  就你最聰明？
最近台股強單純黑手伸進來的結果
製造端表示？
最好是出口企業的稅金補貼啦 乾脆說台積電補貼水電
低廉的物價？平行世界？
這邏輯是不是120分
可惜不是你當總裁
上次30以上已經是2020.05的事情了，如果30以下不行怎麼還一直有經濟成長率屢創新高的新聞出來??
快笑死，比美國匯率低就是匯率操縱是山小見解那美國降到0怎麼不見你出來喊負利率
低廉的物價，哈哈，本日最大笑話
因為美國是自己降到零，讓台美利差更大，美國怎麼會有意見，但現在不同，美國在升息，台灣利率可能在九月低於美國，新台幣將趨貶
央行會升息主要是利差不能擴大造成資金外流假如利率低於美國就準備如日本那樣被套利套好玩的
那只去單純不讓資金外流這麼簡單。政府很多重要事情都沒講政府從烏俄戰爭爆發，就一直隱藏重要資訊
1.5碼啦 故意讓大家猜不到
現在就兩條路，執政黨自己搞的。1.升息 救台灣 2.裝死等台灣爆
推
別擔心中油。大家稅金很夠用
不是早就在匯率操縱國的觀察名單內？
還不是靠黑手在撐
台灣有一種1997-1998南韓政府後知後覺的感覺希望只是誤會
低水電只是爽到竹科廠商。應該漲台積電的電價才對
16號就知道會升息幾嗎?我壓1碼以上
哪有什麼稅金補貼不要睜眼說瞎話，政府有補貼中油台電會虧到快破產？
在這樣下去不用10年就業力爆炸
13.5了吧 通膨
之前推文有回過 大意上就是通膨很多因素 油價、船運、錢太多… 看起來就是運價最好處理 而且就像我之前說的 運價是船運公司用很多手法炒高的 需求當然是原因之一 但你摸著懶趴 一個40呎貨櫃3萬美金會合理？ 講到這個一定一堆人不服氣 說「阿你不要運」 如果什麼東西都要完全市場機制 那也可以啊 電不要補貼 油不要補貼 健保不要補貼 光是油電回到市場機制 就一堆公司要倒了 半導體產業鏈第一個倒給你看 那便宜的電再生產晶圓 怎麼沒人跳出來說 電要回歸市場機制啦！ 回到 運價 很多航運公司的業務 在賣艙位的時候 都是對方取得報價 然後又在用報價競爭 A拿到下個月報價假設20000鎂 B拿到下個月報價22000鎂 這時候AB都說 好 那就運吧 這時候業務拿著報價去跟C說 抱歉 沒有艙位了 要艙位可以 要加價 24000鎂 C捏著只好答應 這時候業務跑回去跟A說 抱歉 你的我們要往後排 如果你要可能要加價到24000鎂 A如果不加 就排不到 A如果加了 就把B擠掉 一樣手法 他跟B說 抱歉你要往後排 B不想加價 好吧 往後排 下一期的報價直接從22000鎂起跳 再來船運公司賺到錢後說要去買 什麼脫硫環保船啦 要淘汰舊船換新船 可能部份有啦 但你看陽明拿去幹嘛？ 買大樓XD 你不如說拿去建個海平面上升 要用的諾亞方舟 還比較有看頭 你拿去買大樓 雖然人家賺錢我們沒權力管人家怎麼用 但都被拜登盯上 最一開始還只是南韓說要處理 沒辦法 還是被美國盯上 只能自重了 - Sent from JPTT on my iPhone --
搞爛油，現在搞爛海運，坐等拜登制裁全世界
哼，拜登只能管出口，是要怎麼管進口，而且未來環保法規加嚴，運力不足一樣是美國進口商吃商
你説的是forward吧！船運公司的運價就在那，要炒也是貨代在炒
這...保羅說的還比較有道理
根據benq經營 長榮要派誰去美國坐牢 柯麗卿？ 大哥
查無不法不知道幾次了吼 五月底才又一次喔
運價最好處理? 船運公司有聯合壟斷漲價嗎?
星期一大逃殺
晶片短缺從去年喊到現在要處理 解決了嗎?
下周高機率趁風向殺一波就是了
奇怪 以前海運公司在互相砍價 台灣到菲律賓一顆櫃子USD 1 元 super all in怎麼沒人覺得不合理？？ 現在開始找船東開刀？ 合不合理是市場機制，建議還是不要有這樣的情緒性發言吧...
海運已死 六月是生技的天下
到時好笑的就是 運價降了 通膨沒降
那可能有什麼底價限制，這一直是市場機制，碼頭設施更新快一點比較有用
能處理去年就會處理了 現在油價跟戰爭處理成這個樣子 還有人期待拜登可以好好解決問題喔 就算成功也只能處理美國那邊 不太可能干涉到其他國家
拜登關心的不都準備噴出嗎
超好笑的，以前歐洲線一個大櫃50塊美金運費都沒人吵我看他連為什麼運費會漲這麼多都還搞不清楚...
台灣到歐洲40‘只要$50？！
是的你沒看錯，這是過去曾發生的實際狀況
免錢的東西大家都愛，海運公司經過十年的大亂鬥終於認清低價戶砍沒辦法除掉任何人（alpha liner幾乎都是國家隊等級）。現階段只能等海運運費回歸正常化，但是配合環保碳稅等議題，時間會被拉更長。美國也不可能幫船公司設定底價，不然那些直客 ， gloabl NVOCC之前跟海運公司簽的長約直接被打臉。價高者得一直都是市場機制。
這是攬貨業的手法吧 船公司很少這麼操作
這個舉例真的是滿低級的航酸WWW
不然公開競標好了。
之後開盤就知道了講那麼多幹嘛
以前航運慘 最多公司倒閉當然沒關係 現在運費高Y高到超不合理 會拖類一堆人當然不行  長期來看對大型貨運公司一定也不好
去年8月初運了一個熱泵熱水器，集運商10月進口報關單的價錢，水箱3000元，主機1500，總重170kg+80kg，參考一下
原po不懂就不要出來被打臉了
250kg才4500感覺好便宜s
你說的這個是承攬商的玩法，但大型承攬商其實也不少美國公司…
事實就是越制裁越會噴  反正之後就知道了
幫補血 這裡一堆水鬼會噓爆你
推蠻有趣的看法
油電價其實不回歸市場機制就是強姦台電跟中油而已都虧到快半個中油了 正常公司有辦法這樣搞？ 連民營的都要中鋼讓利 笑死 只是沒有強姦國營這麼誇張而已
多讀書吧你
xxxx
※ 引述《aloz》之銘言 : 股版的水手和航酸大家好 : 小女今天來請教大家 : 貨櫃阿榮和阿明哪個好? : 是這樣的  我老爸把退休老本通通拿去航海 : 結果當航海王不成反被套 : 目前他有阿榮和阿明各15張 : 最近他開始在想東想西 : 想要把持股集中到一艘比較有機會回本的船 : 看他最近很苦惱 : 所以小女代為上股版請教大家 : 就我們自己做的功課 : 光看過往績效.船隊規模.新船數量.近期業績等 絕對是阿榮好 : 但阿榮沒事要減資 : 老爸擔心減資後 萬一航運景氣下滑(甚至轉虧) 高股價的阿榮會跌更慘 : 阿明近期在鄭董帶領下 走保守穩健路線 好像也不錯 : 但就是有個港務局倒貨賣壓 : 如果兩者選一  不知道大家看好哪個 : 我老爸應該是不考慮賣掉換別的 : 所以建議出清船票或改買萬海等不在選項喔 : 感謝大家餒 我覺得兩個不要任意亂換比較好， 你看不出來航運主力惡意滿滿的洗盤嗎？ 公債殖利率飆升，接著電子會開始大屠殺， 市場資金要避風港，肯定是來航運。 阿榮阿明兩個都很好 阿榮未來性好，業績也好，換新船運力提升， 就像是乙骨憂太一樣，本身很強大， 未來還有減資題材，股價大噴發沒有問題， 真的非常看好。 阿明有時候雷雷的，但是本身也是業績好， 短線爆發力很強，跟秤金次很像，港務局 賣壓很快就沒了，配息大方，狀況好的時候 比阿榮更會飆。 阿榮=乙骨，強+穩定 阿明=秤，強+狀況好更猛 都是值得持有的股票，不管做長還是短， 像是金庸大說的一樣，航運這麼賺錢， 就是送分題。  Sent from BePTT on my iPhone 11 -- 我們是聖安東尼奧乾淨隊 清新　健康　乾淨～是我們的堅持　　Ｃｌｅａｎ　Ｓｐｕｒｓ --
減資怎樣都不是好題材 頂多中性而已
呵...
我OK 你先買
現在資金避風港是鰻魚飯
增資減資都不好，到底要怎樣
醒醒 外國航運崩那麼慘 敗登阿公還準備下重手
每次都馬要下重手，and then? 嘴巴再講大家都會，國外船商才剛從高點跌落，台灣早就修正幾波了…
所以？漲到148而已？150以上的等解套呢
又是你
建議都不要買 跟總統對著幹
樓上你管失智阿公他到底下不下重手幹嘛？問題去年就是這麼喊完 航運就全部嚇尿嚇崩了啊 股價就是這麼脆弱 這麼現實
玩了 禮拜一跌停鎖死
勇士隊加油
這ID不用看
感謝大大信心加持阿榮有減資  阿明營收下滑  真的很難選
金庸大是順勢做，去年高點時順著空頭鐮刀咻咻咻
玩航運真的經不起風吹草動心臟要大顆
建議都不要買 留現金最好
※ 引述《KAKAKA5566 (5566)》之銘言： : A拿到下個月報價假設20000鎂 : B拿到下個月報價22000鎂 : 這時候AB都說 好 那就運吧 : 這時候業務拿著報價去跟C說 : 抱歉 沒有艙位了 : 要艙位可以 : 要加價 24000鎂 : C捏著只好答應 : 這時候業務跑回去跟A說 : 抱歉 你的我們要往後排 : 如果你要可能要加價到24000鎂 : A如果不加 就排不到 : A如果加了 就把B擠掉 : 一樣手法 : 他跟B說 抱歉你要往後排 : B不想加價 : 好吧 往後排 : 下一期的報價直接從22000鎂起跳 只回這個 有在外面工作過，當過業務或採購，或對第一線報價行為有點概念的人 都知道這個現象是自由經濟下的必然 以前海運跟垃圾一樣的時候，這是各大shipper的採購日常，不過是反向的 跟A詢價去殺B，B殺完再回頭過來殺A 所以船商根本不可能提價，只要裝載率不夠高直接賠錢，寧願打平或小虧賣 至於為什麼要特別提這個，是因為股板很多人好像沒出過社會一樣 根本不知道實體經濟和自由市場如何運作 資本市場下，任何不受管制的商品要在某個價格成交，一定會有這個過程 買方市場就是貨比三家不斷砍價，賣方市場就是你嫌貴喔？別人搶著要咧 最終搓合在一個雙方都能接受（或有一方非常勉強接受）的價格 股票掛牌搓合的原理也是這樣 所以拜託大家要玩股票之前先了解實體市場是怎樣運作的好ㄇ 股票最終還是會反映實體經濟，所以不要用各種幻想來做股票 真的沒有任何概念就去上班，或是乖乖當線仙就好 --
先嗆沒出過社會先贏哦XD 那我問你看過報價單嗎？
推~Z大的文就是舒服
股板都是全職交易仔，沒在上班的啊
算了 不說了 反正我不玩貨櫃三雄了
去年運價最高的時候FMC查無不法 現在運價連降好幾週 怎麼突然一堆人就相信查出什麼喔 嘻嘻
股板都賺爛了 不需要上班
美國爸爸說你反托拉斯就是反托拉斯
說太多 擋到別人財路 反正只要做等七武海被世界政府收編的戲碼就好
阿不就美國印鈔造成史詩級狂買，不印鈔運費就下來了
貨運市場就處於運力供給低於需求的情況，不過歐洲有反轉跡象，歐洲需求力道開始不振
這不就是炒房的手段用在運價上嗎 信用就是這樣沒的
這種唯一解法就是降低需求，怎麼降低不用講了吧？
等等藍鳥56要來噓你了
推Z大，樓下藍鳥56
看了好幾篇就是固定那幾個id在對噴 好膩
國家如果沒實力，壓價就是被跳港...
有些人就是沒什麼社會經驗才在那邊亂講
認真說，美國真的要搞海運，還是很有辦法的，畢竟海運不是石油這種東西
不要小看美國老大哥的影響力
根本不用特別搞好ㄇ? 等需求打跨就下去了的東西
六月直接升三碼，運價很快就下去了，根本不需要什麼亂七八糟的管制
笑死3碼運架下去，是全部一起下去探親好嗎？
美國搞海運？用航空母艦載貨櫃？
我最喜歡探親了
Z大的意思是運價不會受美國政府干預嗎？
需求就在那裏 你升息又怎樣 不用吃 牙膏肥皂都不用?還是美國人要學中國人吃草R
這邊很多巨嬰只有質量變大，大腦跟幼稚園小朋友一樣
看戲 出社會很多還是不懂啊...qq
跟買房市場一樣的感覺 賣家說話比較大 不買請下一位
升息降通膨的效果遠比打運價更有效，只要通膨預期反轉，需求會很快減弱
我也認為航運是不可能回到以前這樣亂砍價的年代 但美國亂搞別國產業不是第一次了 面板晶片智財都被搞過 只能忍住不賣等回本以航運三熊來開滿手現金是真的不拍通膨 就股民信心問題
還有一個奇怪的問題是 現在照新聞寫的通膨爆炸是因為運價高漲 可是又說運價已經下跌 所以是運價下跌造成通膨？ 怎麼想都覺得怪怪的
這篇推論合乎商業邏輯多了! 討論不看跡象至少要合乎邏輯。
買賣方看誰現在有定價權…你要一年賺40年的現在自砍運價砍到哪去？現在看買方比較會撐還是賣方…經濟衰退個5年航運也有本錢燒不倒吧 XD不然大家都不要有商業活動沒有買賣沒有航商啦
因為通膨爆炸的原因是港口效率太差、貨車司機不足、拖板貨櫃不夠，和運費關係不大
美國如果有幾個航運商 說話應該就不會這麼嗆了
終端需求漲價會比較慢吧 不是上游漲價終端馬上就反應 反之降價也是一樣
美國沒大的航運商不就是過去海上這段根本就不好賺才倒的倒收的收，剩下的就規模很小。
寡佔市場 好奇世界要怎麼才能迅速砍死運價
就沒辦法啊....
Z大，就是因為太多產業被美國搞爛，所以才悲觀啊，不然從基本面來看我覺得沒毛病他搞這個政策就沒人能預測會怎麼影響運價市場，沒有以基本面做長期持有的打算的人，我認為是該出清
0056要好心接大量陽明 怕的快點趁機跑就對了
單一產業要搞好搞，航運卡各行各業 很難處理喔
看zim昨晚跌不下去就知道了
要"迅速"嗎?動用301條款，對中國商品全面課徵50%關稅運價馬上掉，但通膨會更嚴重
把加徵在中國的關稅拿掉，運費更會短期暴衝吧，有便宜的貨還不買爆，進口端也就比較大的消費者角色。啊，看錯XD。
可以建跨海大鐵路 走白令海峽這樣就不用看航運臉色喔XDD
與其對付卡到各行各業的航運針對石油去處理效益高很多吧
美國自己產油 現在油價呢? 控制住了嗎
啊拜登就不開頁岩油啊
運價對於通膨沒有很大的關係好嗎？如果有關係，就不是現在這樣的情況，美國5月通膨上升，運價反而是下跌的，還持續了一點時間，所以跟運價關係不大，運價占商品成本的價格不大
嗯，上半年運價都連跌17週快20%，通膨是有比較好嗎
降低中國貨物關稅、開放頁岩油、降低對俄制裁，都是美國可有效降低通膨的方案，但拜登政府不面對現實，反而選擇選舉政治語言，怪罪石油與航運廠商貪婪，轉移通膨焦點。 但國內港口相關建設與勞資談判可看出，拜登政府執行力明顯不足，這才是美國最大的危機，但也是世界經濟危機。
新聞怎麼一直說運價創新高??
這篇說的是事實，給推
Z大點出思考盲點，謝謝～
不便再說太仔細 就等世界政府收服七武海
美國砸大錢買下大航商 以破壞市場行情的價格運貨造成運價崩跌！選我正解
推z大！清流！臭鳥跟酸咖啡3分鐘後到
就事論事給推 比猜測仔好多了
來一篇邏輯正常的回文就顯得前文航酸有多低能
臭鳥是哪位啦
現在美國通膨爆炸是因為油價跟房價啊，跟運價沒關係吧
話說失智登說要控制油價，結果頁岩油都控制不了…
scfi從低點800漲到4000 對物價真的沒影響???
出過社會沒違停過?業務更不可能沒遇過政治盤啊?什麼自由經濟定價，長官一通電話要你怎麼賣怎麼排就怎樣，或是對方國家法律一變，不管合不合理，就只能配合改別想看政府與政治的影響力，沒政府介入，20年疫情早崩平也沒v字反彈
基礎設施不提升  裝卸效率放著爛  頂多修行政命令讓櫃子疊到天上去吧不然叫軍方把人工港和遠征基地及運力都拿出來用啊
很多報導都自我打臉 說現在已經沒需求了...沒需求港口還滿載....?
種馬王通通給我來吊櫃子
原文標題：營收降又愛自誇 陸行之點名：這家半導體很奇怪 原文連結： 發布時間：2022-6-11 記者署名： 原文內容： 知名半導體分析師陸行之在臉書粉專PO文點名，「有家半導體很奇怪」，5月份營收同比 率先從年初的正24%，轉成5月份的-11%，卻狠誇自己公司，自我感覺良好。陸行之建議， 公司少接受媒體採訪，多花點時間擬定短長期策略。網友在留言區刷一排隱晦秀出半導體 企業名稱。 陸行之在臉書PO文，開酸有家半導體公司很奇怪，看起來要二個季度環比下滑。5月份營 收同比率先從年初的正24%，轉成5月份的負11%，二季度營收可能比市場預期低了近5-10% 。 陸行之指出這家企業之前罵外資分析師沒常識、不專業，今年二季度還狠誇自己公司，不 知道為何公司今年可能成長低於10%（可能低於全球半導體市場平均成長），但還這麼自 我感覺良好，「我會建議公司少接受媒體採訪」，多花時間訂下及交代執行公司短期，長 期策略，才是上策。 針對陸行之隱晦點名，網友在留言區刷一排，明眼人一看就知道是指那家半導體企業，網 友透過各種謎因模式秀出企業名稱，還大酸特酸這家企業「董事長最近專訪很多，原來是 為了股價抬轎啊」、「當該董常出現在財經台新聞時就知道是割韭菜之時了」。 心得/評論： 陸大分析師莫非是在說 董欸出來說自家股價很委屈那家？ 西瓜金表示： --
外資喊太早，今年才喊就贏了
是誰呢？鳩竟是誰呢？
旺綠，幹我有十張
旺宏..嗎?
可能老闆又要出來汪汪叫 旺旺叫 期 望紅 起來
網紅？
誰啊 這三小雜魚跟標題
那個太委屈的？
可能不是望紅.因他1月+23.67%  5月-11.43%
誰?
和陸行之講的數字沒有完全一模一樣 只是接近
衰萎？
雖剛好望紅老闆很愛嗆外資.但若對號入座就中招
四捨五入不就一樣了
誰啊
四捨五入是一樣 但這就是酸人的技巧.逼人對號入座
清大圖書館
就像可以虧小熊維尼 但不能明講 對岸會生氣
股價委屈的
就是在酸旺宏啦
旺X?
快說是哪一家（在線等
腦中直接想到2337...還沒看推文 就先留言  果然大家想的都一樣XD
老闆還出了自傳呵呵
就旺宏吧...老闆說自己公司股價很委屈 最後還不是衰退 出張嘴
笑死
大摩又發新聞唱衰記憶體了，寒冬了快五季..
妄
同比、二季度
股價委屈 嗆小兒 嗆股東的那家嗎
忘記怎麼紅了
旺？
哥不買個股
聽起來很像是旺○….
到底說誰？
‘’常罵分析師不專業‘’說自己股價委屈 這已經很明顯了吧？
汪汪汪 咬你喔
老闆最近打書怎能不上訪談，我看你是不懂喔
越爛越噴我看你是不懂喔
不過罵大摩 怎麼感覺合情合理 畢竟大摩就是欠噓
忘紅？
真的學學雙鴻 說自己公司很好 老闆自己下場買股
明顯就是旺公司啊
假G啦
看描述就知道是旺宏，裡面每個主管都是垃圾股價的確有問題，用一堆垃圾主管應該下市才對
ㄨㄏ
未看先猜 呵呵
記憶體廠是不是都喜歡嘴分析師啊 群X在法說也蠻不屑研究員的 呵
是很委屈那一間嗎?
委屈了
旺宏ROM業務占很大塊營收，酸的人可以先多研究實況
旺綠嘻嘻
笑死 有在觀察營收的看標題就知道在酸誰
確實很奇怪，老闆應該三月就知道第二季營收不妙，卻在那時大聲嗆股東嗆分析師
股癌不是說過，每個股市新手都會被旺宏套過
黃董嗆還有道理 呵
營收好的時候都沒稱讚過，一轉年減就跟鯊魚看到血
太委屈 呵呵
旺旺
以前曾買過旺宏在105元 賣在5.5元..慘虧超過100萬.
我還吃筍賣掉 更委屈好不==
不就旺宏
營收好也是進人家口袋 稱讚能換股利嗎
: 有在外面工作過，當過業務或採購，或對第一線報價行為有點概念的人 : 都知道這個現象是自由經濟下的必然 : 以前海運跟垃圾一樣的時候，這是各大shipper的採購日常，不過是反向的 : 跟A詢價去殺B，B殺完再回頭過來殺A : 所以船商根本不可能提價，只要裝載率不夠高直接賠錢，寧願打平或小虧賣 大部分狀況下自由市場是對的 但還是有些行業不是自由市場 像有些行業就是特許行業，不能輕易漲降價 還有自由市場也不是一定公平 也不一定完全看供需，有些時候有力的一方可以壓迫另外一方 例如透過法律、透過權力不對等的上下關係等等方式去壓迫對方 所以，你說海運是自由市場供需定價沒錯，的確是這樣 可以依照供需漲價 但如果今天遇到的是很嚴重的問題，例如“通膨” 那會不會因為政府有了“民意”所以可以動用法律 讓自由市場變得沒那麼自由？是有可能的喔～ 你說航商又不是美國的，美國怎麼管？ 你是沒看見美國那雙手到處在世界亂管嗎？ 台灣偷賣東西給北韓就被制裁了，怎麼會管不了 美國管制台灣政府，台灣政府不就管制台灣公司了嗎？ 一切都看美國遇到問題嚴不嚴重，有沒有取得民意而已 要管有很多方法可以管，明的暗的～ 但我不是說一定可以管成功喔 我是說美國可以伸手去管，成效我不確定 --
那484要坐等台積電被制裁強迫降價惹
問題在現任美國總統是個失智老人 管不動
所以要先管丹麥 瑞士 中國 法國 德國 日本 韓國政府
都忘了10年前面板坐牢了
一樓舉的台積電用的是特許行業的台電 呵呵 你叫台積不要用啊
問題是 現在美國人民沒錢 沒低價中國商品會很可怕
韓國不就在起訴海運 做球給美國踢
你說 好 來美國的船得載滿美貨才可以走 我不爽不運1個月 2個月 底層人民還不起來暴動 好笑勒
本來想說點什麼的 但想一想為什麼要認真回應空想文那可以講一下實務要怎麼打運價ㄇ 要打到多少錢
真要說物流造成的通膨，不應該考慮陸上貨運這段嗎？貨輪是一次載一大批貨加上在海上應該還可以借洋流去跑，貨物載送的成本每件攤下來應該是不會比貨車一次只能拉個幾櫃還低才對，不過路上物流是國內自己人在賺，當然是修理海上這段外國人在賺的。
如果不知道 啊幹不就是空想嗎
如果這種高獲利持續好幾年 市場機制會自然調節
這跟幻想阿共會射飛彈 不要投資台股有什麼兩樣
美國就是進口大於出口的地方 怎麼會有要把進口國的出口貨裝滿才能離港的政策阿... 這樣整個物流平衡很快的就被破壞了欸 到時候出口國的出口壓力只是有增無減 我就看運價會怎麼反應
就失智拜登 9大航商都外國的先修理 無能阿
有可能，美國的影響力很大！
應該是說政策反應比實際狀況慢吧，之前不是為了多跑幾趟運貨去歐美賣，一下完貨直接空船趕回亞洲，空櫃連載都不載，也導致了美國出口才有這政策吧。
不知道要怎麼做當然就是空想 但空想打嘴砲不會怎樣但是用空想來投資就...
美國想做的事 哪有什麼企業擋得住啦XD
那個政策是保護美國"出口商" 請問進口商ㄋ
反正就繼續看下去囉FMC都說這是市場競爭了，我也好奇拜登要怎麼下手去年7月也是說要搞，然後年底scfi就破5000了...
美國再霸道也不至於沒憑沒據就要你降運費，況且那是一堆航商競爭的結果，真要有哄抬去年早修理了，及早搞定路上到零售這段的物流還比較實在。
今年再說一次，就看看拜登這次會有啥具體作為？
美國沒動台積電 是半導體大佬 美國人張董還在
反正誰對誰錯  幾個月後就知道
我不知道怎麼做，不代表空想，你空想的定義真特別~
等哪天張董走了 你看美國人怎麼搞台積電
台積電支持美國一堆電子產業怎麼可能修理，況且他自己本份一直顧得好好的，去年歐盟不是也要調查台積電壟斷市場，市占六成的公司賣的又最貴是要怎麼告他壟斷.....
沒搞台積電是因為張忠謀...這種沒水準的鄉野傳說可以不用講出來...
台積都那麼聽話了 搞它要幹嘛 intc就成本高扶不起來
已經有的東西不用拿出來舉例，水準高一點，顆顆
以前搞日本是因為日本通吃 現在搞tsm先問美國那些fabless要怎麼玩下去
可能張董的關係在面對三星積極去跟美國這邊的客戶爭取生意的時候會特別有利吧，但台積電也是靠實力說話，韓國人在做生意的積極跟身段放很軟可不是那麼好應付。
就沒那麼複雜，直接把航運商老闆都請來白宮喝咖啡賺也讓你賺兩年了，運價控制一下我再給你其他方便，不答應的話你可能會有很多不方便。
是要怎麼不方便？讓你的船在港外等更久？是不怕國內民生炸掉嗎....
阿不過不會直接找老闆啦，美國大財團都會養政治掮客去推動各式各樣的法案，最一開始會透過這些掮客去溝通
問題是九大航商都不是美國公司，航商已經很讓利了，美國沒什麼好處能給
對
猜美國政府嫌台積電貴 但先進晶片不是民生必需品海運價格貴 影響民生用品物價
長臂管轄權 美國國內法可以在地球上任何地方執行
而且晶片貴雖是一個問題 但更大的問題是缺貨逼台積電降價 只會缺貨缺的更嚴重
你政府不從，他們可以派海豹部隊跑進你家裡抓你回美國受審
你不知道怎麼做，代表這件事很可能不可行啊
問題出在進口商會競價啊，去年就有說沃瑪伊ki啊亞馬遜這些大廠商為什麼要包船，確保有船可以運貨跟降運貨成本，這些大型商長年建立起來的通路市占如果這次沒弄好很有可能會市占洗牌，你是老闆會不會給個好價錢叫船商給你預留船票。
現階段是即使高運價，貨主還是有利潤。
庫存已經開始上升了，看一下那些零售業的財報好ㄇ
運價貴也是因為缺櫃不然呢美國零售現在的問題是商品需求品項改變。庫存高的需求降低，需求高的沒庫存
零售庫存上升，新的運價會虧本自然就會自己降了
講庫存的我看是不懂海運市場跟每年的貨運量推移喔
是啊我也很好奇現在的庫存水平如何，照理講如果拉貨力道已經不再那麼強勁那運費應該是要下來才對。
運費會不會下來前面已經講過了 是誰有定價權的問題不管庫存多高 每年需要的國際貿易量就在那邊美國倉庫沒有大到可以存這麼長時間的庫存量所以一直關注短期庫存量就是見樹不見林而已然後國際貿易量因為電商關係這幾年還會持續成長
美國零售庫存上升是因為後疫情的需求品項改變，零售商還來不及調整品項
這算是共識 不然各大零售電商也要衰退了簡單來講 看衰貿易量 就是看衰世界經濟
美國5月ISM製造業客戶端存貨指數從四月37.1降到五月32.7，代表美國製造終端依然是低庫存
你看空世界經濟的話一直來唱空海運就合乎內在邏輯
而且去年謝志堅有提過接下來幾年，全球整體運力每年3%但是貨運需求是4%，確切數據我忘了，他講這個趨勢的時候聽起來是沒有考慮淘汰掉的運力似的，除非他看的資料錯得離譜，不然現在scfi就是漲假的。
但看多製造業零售業 然後跑來看空海運 就矛盾了就說不要單純粹的供需來判斷價格趨勢吼價格不是供需套公式算出來的 是人類的商業行為難道供過於求的東西是都是賠錢賣嗎？
翻譯：美國爸爸有招 什麼招：窩不知道
庫存指數五月又降應該也是合理，畢竟上海封城了，除非美國那邊不消費不然就是聖誕老公公挨家挨戶的發商品。
聯合美國同盟國家對過高的運價開徵奢侈稅就好
我自己公司對下半年消費性電子看空到不行，已經在研究要提前關閉30%產能惹目前產能利用率不到全產60%，黑嚕嚕就五個字，看不到未來
台積電表示未來每年成長率（略
這個論述有個盲點就是美國現在是拜登執政，看看處理油價問題都這麼失智，很難相信運價問題能處理多好?
最嚴重的是美國的房價房租 漲成那樣 低利那麼久
失智登上台說要解決的事情一件都沒 這次我看還是沒戲
運價真的不是通膨重點，重點是油糧跟房屋油價漲這麼高你說是要搞老惡？呵呵呵
不認為美國的力量有以前強 現局勢不是美國獨大了
現在一堆衣服都東南亞製作了電器 汽車也遲早的事情美國目前管太平洋 烏俄北約指揮為主
俄出不出兵是看烏克蘭態度和拜登騙不騙普丁沒什麼關係，和拜登騙斯基比較有關
對其他國家來說，美國是太上皇，但對聯邦政府來說，美國人民才是他的太上皇
美國真要管，有管不了的東西？
美國對外干涉的手段，在國內完全不適用
騙斯基強硬啊，騙支持他加入北約啊！普丁出不出兵的決定取決於烏克蘭怎麼回應
你能用你管員工的手段管你家老爸嗎？
真的是這樣，美國流氓說了算
不覺得烏俄戰爭美國是大贏家，事實上現在看起來拿普丁沒什麼皮條，自己國內被高油價通膨搞炸了
老美在開戰前如果開放頁岩油生產就是最大贏家
台積跟蘋果是一掛來賣商品的，可不是自有品牌
美國這次組合拳打的很差，放在以前美國早就想辦法搞事搞到其他產油國增產打下油價，不從就搞點事情
感覺你有講跟沒講一樣…
如果要載滿美國貨才能走 那運往美國的船不是更缺嗎？
樓上講到重點了 很矛盾吧
美國自古不知道製造多少證據發動戰爭或制裁、甚至扶植政權了，怎麼會沒有美國還是最強，但是俄中印合起來搞事還是辦的到
所以共產國家為了社會維穩專制有理了！？
這種邏輯就跟你要不要擔心台灣政府把你媽應徵去當慰安婦一樣 孩子你還是多動腦少打手槍 乖
你這麼聰明 應該先叫拜登抓OPEC去做牢面板被搞是因為都小弟 你看看10大航商裡一堆歐洲國家和中國你知不知道 美國洛杉磯港的裝卸量已經比疫情前高了看來你是不知道
怎麼油不降價？
妳覺得他搞航商，航商不載他國貨物，誰損失大？？美國企業主貨物出不了，妳覺得企業主不會幹拜登？？不要只提台灣好，航商只有台灣有？其他國家的航商會乖乖聽拜登的？第四名就中國的，你說中國會聽從拜登？？？
去年也看過某航酸說美國只要派個聰明人管航運 那高運價亂象便會消失 還特別說美國那麼多聰明人 隨便找都有 結果這聰明人跟航酸空單一樣
美國就算世界強國之一，不代表其他國家的企業會聽他一個白痴總統的話好嗎？講的好像美國可以制裁全世界跟全世界的企業一樣反正我是不信這個失智老人會成功 呵呵
在你眼中油價問題已經解決了 平行宇宙膩就這點程度 笑死
民主制度向共產制度看齊了
在股板請拿出具體的引經據理，而不是猜測
布丁會打不就拜讓油價井噴有錢，這樣還有拜粉喔？
不認同
你沒看到航商加船嗎加運量嗎 運價也沒崩 多讀點書吧
還真以為美國想幹什麼都可以哦，運價太低大家就跑其他國家不運你美國關你國內通膨去死了
主旨：多人違規處置 案號：一一一年股簡字第六零二號 說明： 經板友檢舉、板主巡查版面，查多位板友於本板之發、推文內容違反板規，爰按累進記錄 給予處分。茲檢附處置名單、違規事證如下： 一、檢舉案件 1. 違規人　：mancuteboy 違規文章：#1Yd8dS5k (Stock) 檢舉文章：#1Yd8qm66 (StockPicket) 違規條目：1-4-2 (詢問漲跌或持股分析，而未使用 [標的] 分類) 4-2-1 (閒聊文) 罰則　　：水桶三十天 違規事證： 作者  mancuteboy (boy)                                           看板  Stock 標題  [請益] 面板雙喵還有機會破20嗎 時間  Sun Jun  5 18:47:54 2022 ─────────────────────────────────────── 最近面板雙喵 友達群創法人似乎站在買方 看起來利空也跌不下去 未來也許會有反轉的機會 雙喵還有機會破20嗎？ --
明明拜登亂搞石油業者好嗎， 現在自食惡果  笑死我原來美國人也可以選出美國韓國瑜， 有商人不選選個失智 真的沒救
油價高 石油供給不夠 解決方法是搞綠能!?幹媽這84失智不然是什麼?
綠色一家親 沒事兒
綠色一家親啦
好多ID都泡水了..
檢查我有沒有事
請問會辦板主信任投票嗎?
還在討論中
政治推文才7天 難怪桶不完
有累犯制度阿~
Test
感謝板主回覆
舒服
測試…
測試
因為這次的股市下跌是美國為了控制通膨透過升息以及縮表造成全球股市修正 我們 整理了1980~1982年 那次更嚴重的通膨 美國如何發展 那次通膨控制後 美股後來幾 年後又漲了一倍 在最近聽媒體報導40年以來最嚴重的通膨 為何是40年這個數字 那是因為美國在1970年 因為石油危機以及利率政策影響出現非常嚴重的通膨 在1970~1980初間出現了非常驚人的 通膨率 因此如果要比較通膨 就需要與1980年代去比較。 最近巴菲特在4月公開肯定現任FED主席非常好 認可他最近採取升息控制通膨的做法 並 且會採取跟Volcker一樣的做法 且相信可以控制住通膨。而Volcker就是過去40年前FED主 席並且最後控制住通膨的人 且讓美股SP500僅下跌20%多後 股市重新在漲了一倍。歷史總 是不斷的重演 也許每次發生的原因跟結果會有差異 但我們可以好好回顧這段40年前歷史 。 1980~1981年10月:美國不斷的升息又降息又升息 並且長期維持在10%以上聯邦利率 1981年11月:CPI數據9.6%  SP500約120點 1981年12月:CPI數據8.9% SP500約122點。 1982年1月: CPI數據8.4% 持續改善 但FED重新升息。SP500持續下跌 (2022/3月美國開始 升息) 1982年2月: CPI數據7.6% SP500點 通膨持續改善但股票還是持續下跌 因為大家認為FED 會持續升息 1982年3月: SP500 107點 受到大幅升息影響美國三個月國債漲到15.5%(以前的利息有夠 高 2022/06月美國公債一樣破新高) 但美股開始出現跌深反彈 1982年4月:英國與阿根廷戰爭(2022年是在2月烏俄戰爭) 1982年5月: FED開始考慮稍微降息 SP500反彈到119點 反彈幅度約11%。並在月中SP500結 束反彈再度下跌 主要因為美國的之前升息做法已造成經濟衰退(目前2022/06美國沒有出 現經濟衰退) 1982年6月: CPI數據6.8% 中東在度爆發戰爭 造成石油價格上漲 股市持續下跌 (2022年 是在2月俄國受經濟制裁油價大漲) 1982年7月: 美國開始大幅度降息 為了救第二季出現的經濟衰退 (2022/06的現在才剛升 息 離降息應該還很遠@@) 1982年8月:股市在8/12日下跌到最低點103點 墨西哥債務違約 新興市場出現經濟問題。3 個月期公債由年初高點15.5%下跌，7.3%。股市看到最低點 開始重回多頭。(所以有人說 今年如果看到新興國家出現嚴重經濟衰退大概就是底部) 1982年9~10月: 持續降息 並下降到9.5%後停止利率變化 1982年11月: 美國期中選舉 (2022/11月一樣有參眾議院選舉) SP500上漲到143點 從8月 低點到11月反彈40%。FED在度降息到8.5% *****1982年美股出現底部情形***** 透過不斷的升息打壓經濟 CPI通膨下降 先是看到美國經濟衰退 然後新興國家經濟暴跌  美國開始降息救經濟 股市低點出現。 所以萬一歷史重演 現在股市離低點可能還很遠 例如美銀多次準確預測到今年的發展 就 提到如果說5月就是股市低點就差遠了 股市距離底部還有一段距離 美銀的看法就是1982 年股市的低點是一直到FED開始不鷹了並對於通膨控制認為達到目標 股市才有機會看到低 點 現在才剛開始進入升息循環 且CPI還沒有明顯改善 要說股市已看到低點 難度很高。 我們還有整理一些現在與過去的差異 並提出我們的看法 歡迎大家到下列網址閱讀更 多內容 如果內容有錯誤 歡迎直接提出修正建議 KM 聊生活投資財經  --
與其問 不如 去讀 總經
每天一直讀總經 到底煩不煩你要讀自己在家慢慢讀 吵什麼
有人用1980的公式重新計算CPI 已經是達到15的等級言下之意現在根本快樂表  早就比當年通膨更嚴重只是持續時間的問題而已 之後美國聯準會只會更激進
可我真的覺得讀總經是有幫助的
現在瘟疫 戰爭疊加不遑多讓
美股將一去不回頭！
英阿有誰有大量能源食物嗎
一定不會一樣，至少Qe了一大堆出來，就看泡泡什麼時候破了
總機六傑哥被討厭了
升0.75% 然後說很認真控制通膨 真的很讓人無語 做甚麼比說甚麼重要
道瓊下跌20%再漲一倍 是要漲到六萬？？以前QE還很節制 不像現在
目前體感通膨大概十幾趴了 利率沒拉到五已經很失職了
不要嗆我們股版吉祥物好不
是的 所以快點all out努力工作 四年後all in發財
搞不好美國救起來但新興國家違約潮
有差嗎？還有股票能連續創高（元X)
時空背景與產業差異變化太大，變數不同
縮表會縮到核心PCE到2.5%以下為止，所以空頭走勢持續中或是失業率到5%以上
其實我覺得看總經投資比較準欸
有說服力
6j哥挺可愛的啊 很好心叫大家讀總經
4
推
2樓超兇XDD
如果像1980年代那樣 美股要16年的空頭
沒經過1970～1980就直接跳到1980，這也太扯了
尼仔細研究會覺得差異很多   參考參考而已
在那叫什麼 自己選的 要自立自強阿
美國跟世界的金融結構也不適合當年的作法實際上當年又升又降也是一堆人罵美國現在主要通膨因素的車油糧+房租機票都跟供給有關目前看起來升息可以確定打到車的需求   房租很難說升息造成房市冷  房子買不下去就繼續租房美國2010年還沒走出金融風暴的時候房租就先噴惹
股市基本上就是陪葬的 恭喜提早做空的先知
路上一堆房子法拍跟short sale這些失去房子的人只能跑去租房
美銀就是在喊九月停止升息的那間耶….
整理的很好，資料哪裡找的？
升息只要速度不要太快 股市是會漲的 因為錢從債出來FED太晚升息 去年還不肯承認通膨 造成現在升太快.
老人又在講以前 可悲
你可以照抄
40年前定存利率近十趴欸 屌打股市
重點是沒印鈔，不然繼續爆噴到宇宙啦
※ 引述《Capufish (Capufish)》之銘言： : ※ 引述《breez (微風)》之銘言： : : 我比較想知道 : : 如果2000年最高點買Nasdaq*2指數型ETF : : (試算如果那時就有的話) : : 一直到現在 : : 可以賺幾倍? : 這個問題就讓專門推廣 0050正2 的我來回答 : 如果你在 2000 年高點買入那指兩倍 : 投入 100 萬，到 2021 年為止 : QQQ：502 萬 : 兩倍槓桿：196 萬 : 從結果來看，兩倍槓桿確實是慘輸原型指數 : 但是，這個但是很重要 : 2000 年那指的本益比是破百（最高好像到一百五左右） : 本益比破百是什麼概念？ : 現在那斯達克本益比是 21 倍 : 你要用 2000 年的那指來看泡沫 : 你就想像下週一開盤，那斯達克指數突破 5 萬點的感覺是怎樣 : 現代資訊已經太流通了 : 拿這種根本不可能再現的本益比來談泡沫，不太公道 : 別說那指 5 萬點，那指還沒 2 萬，我們大冰律就在喊美股衰退二十年了 : 還那指 5 萬點？ : 所以，我不覺得用 2000 年來看兩倍槓桿有什麼意義 : 一個本益比破百的泡沫，對現在來講無任何參考價值 : 就像台股 12682 一樣沒意義 : 你能想像下週一台股開盤是 10 萬點嗎？ : 去討論這種真的沒用 : 真要說，拿 2008 年金融海嘯來比對還比較有參考價值 : 若是從 2008 年高點投入 100 萬 : QQQ 是 1046 萬 : 兩倍槓桿是 3314 萬 : 若用定期定額計算 : 2000 年開始定期定額每月 1 萬 : QQQ：2490 萬 : 兩倍槓桿：8258 萬 : 2008 年開始定期定額每月 1 萬 : QQQ：992 萬 : 兩倍槓桿：3588 萬 : 好了，希望以上有解答你的疑惑 : 我順便推廣一下 0050正2 :  : 回測 2008 年，參考標普兩倍槓桿的話 : 50正2 也是可以超越 0050 的兩倍報酬 : 但如果你要拿 2000 年網路泡沫，還是台股 12682 : 這種本益比破百的超誇張歷史來講，那我們就不用討論了 : 因為對我來說，那不可能再出現 : 若真的很幸運再出現，你應該要放鞭炮才是 : 別說破百，現在台股那指破本益比五十，很多人應該就財務自由了 : 靠運氣賺到的錢，就靠實力守住 : 到時候買房子爽爽過就好 :  : 結論就是 : 1. 2000 年投入兩倍槓桿，會輸原型指數 : 2. 2008 年投入兩倍槓桿，屌打原型指數 : 3. 如果你是從 2000 年定期定額，屌打原型指數 : 4. 本益比破百的指數參考價值很低，不建議視為目前投資的考量 : 5. 若真的本益比破百，你應該早就財務自由了，早點脫手換其他資產配置吧 : 6. 0050正2 讚讚，別再抹黑它了 : 以上，謝謝大家 第一段 2000年在台北 用500萬能買到什麼房 2021年在台北 能用2500萬能買到什麼房 可以想一下 如果你的答案是 差不多的房 恭喜你 你的資產實際沒增加 如果是 買更小或廁所 恭喜你 你終於懂了 如果是可以買到更新更大的房 你可能需要去問問長輩 為何當年你們不all in 這樣你早就好野了 第二段 還有一個長期實戰問題 就是你真的能抱多久 假設你2000年是 40歲 有100萬 到2021年 恭喜你 你在60歲時 有500萬 能買跑車去炫耀了 假設你是30歲 100 到50歲 500時 那你必需扛過 2008 也就是你的38歲時 有個東西叫金融海嘯 那個中繼站 你的100萬變20萬 你的老婆可能會瞧不起你 你朋友會嘲諷你不會玩股票 你的爸媽會覺得早叫你別碰 你只要熬過這一關 放到50歲的今天你就可以去告訴你的親人 揚眉吐氣 假設你 2000年 20歲 到2021 40歲 跟上一樣 28歲那關你要挺的過 那時剩20萬 你的女友會覺得你沒錢 要結婚的錢和買房被你敗光 你朋友會說 他都買房繳頭期了 你呢 你父母會說 唉 去上班吧 你熬過 40歲時 恭喜你 你贏了 但你女友跑了沒我不知 但會回到第一段的問題 結論 不知大家現在幾歲 長期投資的人 都常常拿以前買高點放到今天為例 盤的歷史 告訴你 你有1000萬 這10年內 你可能會遇到一次崩盤變200萬 然後 最後你在「老的時候」可能 變5000萬 還有 在第18年是2500 是因爲QE在最後2年變5000 在你現在的年紀 大盤萬6 你若上面遇到都撐的過 就去拜長期投資的人爲師吧 --
無腦炒房就是這麼好賺 感謝政府
長期投資=閒錢 套牢 收租
金融海嘯又不是瞬間跌到底...自己不停損怪誰？
第一段就看不懂在打啥
很好懂啊！貨幣價值購買力的問題這篇才是正解啦！2000年你拿一百萬的話...現在是多少，但是當時的一百萬多大？？你在當時all in這麼大，套牢這麼久，結果過這麼久，現在2500萬買不到當初100萬的東西啦
第一段意思，就是“發文者自認”，台北市(隨便買哪都行)房價漲幅>>>股市至於是否屬實，自己查資料
我懂了歐印房地產無腦多
講得好像不長期投資 2008 年就還是會有 100 萬一樣
至於第一段講的，台北市過去21年，不管買哪裡，房價漲幅都大於5倍是否成立，窩不知道
28歲繳房貸頭期款？？？
結論：買房大勝
台北20年房地產翻5倍???
正解，快去炒房，這才是經濟火車頭
長期投資都這麼慘了，你以為價差仔到時候會剩多少錢？
你長期實戰的例子是直接歐印？畢竟能長期投資的是少數 贏家也是少數 合理啊
推
這篇點的事實啊
其實一般人最簡單就2000年買進黃金 到目前約6.x倍更好一點是在歐債時覺得6倍差不多了 換現金買進當時相對低點的台股或美股 到現在再至少翻個倍 這樣大約是12倍還是老話一句 事後諸葛亮 事前豬一樣. 本文中的5倍明年會是2000年基期多少倍 現在誰說得準?
致+~ vs 金像電 元太 參考：  陳嘎偉問我 問我要不要做空 你為什麼離空點越來越遠 （哭啊～哭啊～蛙） 用鐮刀咻咻 也是一天 笑死多蛙 也是一天 得過且過的 有什麼不對 （哭啊～哭啊～蛙） 空不贏的先補了吧 那些都是我的融券 要是讓我少賠個十萬 空手容易一些 偉 越嘎越遠 項鍊比鰻魚還亮眼 是不是 一天一天 忘了我空誰 yo~oh~ 券 越空越賠 開盤之前再睡一會 醒來後 一筆一筆 把損益遮掩 yo~oh~ 人總是股市裡拚了一回 又還是沒錢 （哭蛙蛙～又還是沒錢yo~oh~） （哭蛙蛙～又還是沒錢yo~oh~） 不過老蘇有說了2368之前就小賺回補了 這根燈不關他的事 --
代為修正外標分類
原文標題：美匯率報告出爐 台灣改列觀察名單 ※請勿刪減原文標題 原文連結： ※網址超過一行過長請用縮網址工具 發布時間：2022.06.11 ※請以原文網頁/報紙之發布時間為準 記者署名：中央社 ※原文無記載者得留空 原文內容：  美財政部公布半年度匯率政策報告，央行表示，因台灣觸及對美貿易順差及經常帳順差等 兩項指標，因此將台灣改列觀察名單。圖／本報資料照片 美國財政部昨天公布半年度匯率政策報告，央行今天表示，因台灣觸及對美貿易順差及經 常帳順差等兩項指標，因此將台灣改列為觀察名單，未來一年將持續就匯率相關議題，與 美方進行密切磋商。 中央銀行今天發布新聞稿表示，昨天美國財政部公布半年度匯率政策報告，並未將任何主 要貿易對手國列為匯率操縱國。 央行指出，本次匯率政策報告因台灣僅觸及對美貿易順差及經常帳順差等兩項美方檢視標 準，且因央行淨買匯金額未逾檢視標準，因此將台灣改列為觀察名單（Monitoring List ），但未來一年仍須持續就匯率相關議題，與美方進行密切磋商（Enhanced Engagement ）。 央行表示，去年4月至今，已與美國財政部舉行多次密切磋商會議，針對台美雙邊貿易及 匯率議題，向美方表達台灣立場；美國財政部匯率政策報告指出，雙方具建設性的討論有 助與央行就美方關心議題達成共識。 央行強調，與美國財政部溝通管道順暢，未來雙方將在良好的互動基礎上，持續就總體經 濟及匯率政策等議題進行溝通。 本次美國財政部匯率政策報告的3項檢視標準為：第一，對美商品及服務貿易順差逾150億 美元；第二，經常帳順差對GDP比率逾3%、或依美國財政部模型估算其經常帳缺口對GDP比 率逾1個百分點；第三，淨買匯金額對GDP比率逾2%，且12個月中有8個月以上為淨買匯。 心得/評論： 記得去年報告是三中三，今年年中進步成三中二， 好像是去年的淨買匯變低於GDP比率2% 不過韭菜我不懂在這升息的風口下，這份報告出來對台匯的直接影響是什麼呢？ 這是不是說明了台幣可以不用急著貶了呢？ 還是說明台灣的產業：___ ？ ※必需填寫滿30字，無意義者板規處分 --
1
唉 萊豬還吃不夠嗎？
匯率操縱國不意外
鬼島央又被美國爸爸發現了??
美台關係好？
阻升助貶沒列入才怪
先觀察你們自己好嗎 操
外銷產業賺匯差的準備小跌，膨風的營收
爸爸這次又要人家買什麼直接講
我亂說的別認真
QQ
來惹來惹XD
這次又要進什麼…
萊豬都白吃?
不是啊 這比上一次好不是嗎…怎麼推文好像很憤怒
推文的看不懂XDD
推文柵欄壞了 哈哈 明明比去年進步了
不用觀察直接列會怎樣
一直操縱匯率 不意外
貶破三十救電子啦淦
可憐有些人沒看懂
西瓜金死去
一堆可以吃來牛不吃萊豬的，還是太低階連來牛都沒吃過
推文小心
三月升息一碼幫助很大
要弄台灣有十幾道工法可以玩
誒 我這篇沒有要釣魚耶..只是認真想了解一下對台匯的影響
嘖 嫌台幣貶太慢還太快
掩護上兆外資閃人了還在靠腰
是推文被釣了 不是阿德你的問題啦
日本沒匯率操控嗎？
該貶不貶 美國現在要資金回流抗通膨
台幣要下去了嗎
意思就是央行的手被綁一隻 未來沒辦法全力阻貶阻升
錢一直回美國只會加劇美國通膨吧
按照樓上說法不就升息也死不升息也死?
你全自動釣竿欸
笑死 政客ㄆㄟˋ
連餌都沒放，這些魚怪怪的…
央行真會操
產業互補 沒事det
萊豬白吃了
說的好像你有吃過萊豬，去哪買？
笑死  樓上也知道廠商根本不會標是否萊豬   臺灣人吃下肚的到底是不是無人知
悲劇，反正我滿手美金，台幣繼續貶吧
代表要放貶了也代表央行可操縱空間變大了，可以更細緻的去控
繼續吃來珠
推文被釣惹
幹一直升息再來怪別人笑死
減少順差應該要升值幫助進口商吧
拍謝，不懂想請教。順差是台灣出口>進口，台灣賺多課本學到不利出口是升值，為何會有大大說要貶了?
三月都直接跟一碼還列入觀察名單 奇怪耶. 疫情之下台灣沒受太多影響賺錢不行嗎？匯率操縱國（X）賺美國人太多錢（O）
可能要多買一些美牛跟美豬
原文標題： 美通膨飆升 學者示警台灣若貿然升息代價大 ※請勿刪減原文標題 原文連結：  ※網址超過一行過長請用縮網址工具 發布時間： 2022/6/11 17:41（6/11 18:35 更新） ※請以原文網頁/報紙之發布時間為準 記者署名： 曾智怡 ※原文無記載者得留空 原文內容： 美國5月CPI達8.6%衝上40年新高，是否牽動央行下週理監事會議利率決策，學者認為，台 灣通膨並無美國嚴重，加上國內疫情嚴峻，貿然升息將排擠消費，應審慎思考可能付出代 價。 美國勞工部昨天公布5月消費者物價指數（CPI）較去年同期飆升8.6%，將通膨推高至40年 來新高，中央大學經濟系教授吳大任表示，美國5月CPI確實超乎預期，顯見美國通膨問題 嚴重，並無緩解跡象，主因仍在俄烏戰爭持續，能源與糧食價格一直路上攀等供給面問題 造就，對全球物價都會產生劇烈影響。 加上前陣子中國封控緣故，供應鏈斷鏈狀況應會持續一陣子，增加美國物價壓力，預期美 國聯準會下週將升息2碼。 台灣央行預計16日舉行第2季理監事會議，外界關注是否跟進美國升息腳步。國泰世華銀 行首席經濟學家林啟超日前分析，央行考慮升息的3個條件，包括國內通膨情勢、疫情對 內需產業與消費的影響以及主要國家央行貨幣政策動向。 林啟超指出，現在看來2個條件已滿足，其餘關鍵是這兩個月疫情對內需產業影響，4月景 氣對策信號綜合分數也下降到28分，相信這點將是下週特別聚焦討論的議題，「對央行來 說都是艱難的抉擇」。 他分析，近期其他主要國家央行紛紛升息，在很多國家一次升2碼的背景下，央行下週理 監事會議決定「升息是必然」，預估是半碼（0.125個百分點）起跳。 不過，吳大任提醒，升息將對經濟成長產生副作用，以家庭經濟角度來看，升息讓房貸、 車貸成本增加，若家庭支出增加幅度過大，勢必排擠其他消費，廠商營收遭致負面衝擊， 最後可能造成經濟衰退。 吳大任指出，美國聯準會成員提到，雖然通膨嚴重，但需考量經濟付出成本，特別當失業 率隨之快速上升，美國可能在9月停止升息，明年甚至還會降息。 吳大任建議國內應暫緩升息，畢竟疫情仍處高原期、內需衰退，升息實則打擊消費，與目 前政府希望刺激消費政策抵觸，加上台灣通膨並無美國嚴重，貿然升息恐讓家庭經濟雪上 加霜。 他提到，台美貿易關係密切，且美國是消費大國，一旦美國快速升息產生的消費排擠現象 於下半年發生，台灣出口將受劇烈影響，將壓抑消費、投資，因此比起物價，更擔心下半 年台灣經濟表現，「非得要升息就升半碼」。 心得/評論： 愈來愈多媒體開始報導說台灣沒必要跟美國升息 台灣通膨一點不嚴重(?!)，保經濟成長才是重點 寧可台幣被當提款機，也不能讓經濟火車頭停下來！ 風向都這麼明顯了，央行大概半碼意思一下而已 ※必需填寫滿30字，無意義者板規處分 --
又是哪來的野雞學者
通膨就不會排擠消費嗎
最多半碼啦 我猜 笑死
建商砸多少？
建商金主怕怕DER???
內需早就沒救了 台灣人寧可滿手日幣等出國 也不願花在國內啦
一切政策跟建商利益牴觸者無效?
昨天cpi出來後還在9月不升的人智商有多少???
雞腿便當85元，你跟我通膨很嚴重?
看了一下名字，原來又是這廝，呵呵
經濟好不升息，經濟差更不能升息。台灣大概就這樣的程度。
物價匯率比較重要，只關注經濟成長是不行的
認真地說，不想賭的，盡量以外國資產為主。
美金買起來
通膨和資金外流 哪個後果嚴重？
台灣現在趕緊去跟俄國洽談便宜的石油比較實際
一直升息 物價通膨 薪水沒漲 內需經濟慘
20年的長期低利，副作用不用還的？
不然年底選後通膨和油電價格一起漲 會出人命
中央社會出一篇報導一定程度代表當權者的態度
學者：等我們跑了才準升息
10樓多出門走走好嗎？
學（建）者（商）！
來了來了
雞腿便當85..是棒棒腿吧
現在靠中油跟台電吸收成本到幾乎破產才沒有全面失控
炒房仔小怕怕  怕少賺QQ
哦是哦建築系學者？
好啦 南部真的有～ 85雞腿便當 但是本來75而已啊 鴨肉飯一年漲20元那怎麼算
萬一中油和台電撐不住政府還是必須拿各位的納稅錢去填坑
物價漲 消費才慘吧…整天在那邊房貸增加影響消費
我這邊店家半年調整兩次了
不能升息
國營真的都辛苦惹QQ
不戳破泡沫，泡沫就不存在，這種邏輯的人，真的很多。
是開多少槓桿啊
台灣通膨不嚴重是因為都叫台電中油吞了
連半碼都不敢升嗎...
選舉不是才是他們重點嗎？
台電中油吸收後 通膨還是很有感
想拖到選舉，看美國會不會爆炸？
通膨我買得也會變少
？ 所以物價爆掉就不會排擠消費~反正我衛生紙已經一張撕成兩張用了 來互相傷害R
又不是每個都政府高官，月薪20萬以上
白癡學者炒房啦不升 我等著台幣貶到35  沒關係 我已經換美金避險
一切政策跟建商、政客利益牴觸皆無效！
不升息 炒房客們會不開心 選舉就難了 哭哭
現在緩漲，等台幣跌成狗再來狂漲一波物價
提升基本薪資？。有瞭解到中小企業的貸款壓力？以及收支水平？
房地產學者？
是不是只有以前四小龍時代才有會唸書的上去管啊？
房價又要噴了
你各位不要太不滿 還想GDP保4只能靠房價~484忘了誰才是經濟火車頭？房價掉了才會導致經濟衰退 懂？
85便宜啊 而且很多店家怕生意差 不敢漲
說什麼瘋話 台幣都不升 完全垃圾畫嗎
房市已經開始走下坡了  再升息就慘啦
老師別鬧了，借很多喔
要的就是經濟衰退啊 經濟正成長還要打通膨是在搞笑
大任，你是不是還有好幾間房貸沒繳完
出口型國家的房屋權重比例很高不是很乖嗎？
滿好笑的，一講到升息阿、房阿，就會有蛞蝓崩潰
經濟衰退是打通膨必需付出的代價
打錯是很怪…
只有房貸才會排擠消費....
升息雞腿便當變便宜還是雞排會變大啊，這裡不都股神嗎便當吃不起喔？還
真的不嚴重 便當才漲10-20元
學者你房子買很多喔～該賣房救年輕人了吧
又一個貸好貸滿的學者
看來很擔心房地產崩崩
挖 豪恐怖捏 乾脆反手降息好了反正通膨炸掉有錢人還是無感
別生啦 我買多一點美金
學者難怪就是學者而已
垃圾學者，再不升息看人民被輸入性通膨壓死才甘願？
美國明年甚至可能降息XDDDDDDDDDDD
我大膽假設依照他的邏輯 央行一定要降息
房價上看一坪300萬
手上債券持有太多了 貿然升息確實代價大
不升息會貶值，資金加速外逃，結論：塊 陶 啊
美國9月停止升息? 現在預測已經提高到3碼
又是不敢具名的垃圾學者
噓台灣通膨不嚴重
房價哪有下坡過
快升，來個六碼升到爆炸
租金的通膨有超過物價嗎
穩了
對有錢人生活支出從5%變7.5%  但對窮人是50%變75%
這個學者房貸很重是不是
台灣的貨幣政策是看匯率怎麼走啦 再貶下去就會升了
野雞出來亂叫嗎？
zzz
好了啦
翻譯：房市不能倒
房地產美化gdp是可以讓你股票賺錢還是讓你薪資漲?
哪來的屁垃圾
先看這些人房貸多少啦 說不定都是炒房仔
加個兩碼鴨鴨驚
國營真的都辛苦惹…..財團要的你們乖乖割吧！
讀作學者 念作建商
臺灣央行總裁挺乖的，不會有想法
如果需求減少，不是更能阻止通膨嗎?
好了啦天臺上面沒人可以先去佔位置
萬一中油和台電撐不住，就順理成章送給財團漲價了！
不升息，外資跑光，台幣重貶，物價高漲
我也不希望升息 拜託 別升
就算升息 持有成本低還是不會泡沫 垃圾政客
房地產火車頭不能停
快點升
他是誰
美國這一波通膨沒有升息個15碼以上是根本沒辦法解決，後面還會連升12碼以上，慢慢看吧
美國自己升得亂七八糟，叫人家不要跟進?
繼續升息就等著經濟衰退吧
學長是滿手房地產 怕到恐嚇央行？學者
升了房價怎麼辦
經濟衰退就準備套更久吧 股市房市都是
笑死
炒房仔才會怕升息
定存一年1.09% 不能再高了？
快升
排擠其他消費（X)排擠炒房資金（o)
整盒小熊餅乾120 變成170 在家樂福看到的
也許是收錢負責寫文的？
笑死，不管升不升台灣經濟都會死啦，怎麼個死法而已
我這邊的炸雞腿便當從85漲到110了 物價真溫和
不懂別亂 裝什麼學者
暑假熱門飯店還是客滿大家還有錢
讓他升 讓他升 讓他升
感謝党
中央?  .....................有比PTT鄉民強嗎?
學者
建商當學者
很多便當店漲了2 3成 還說入不敷出....真黑心
當20年長期低利炒房炒地  真的以為不用還代價?
會怕喔？那就代表升息是對的
急遽少子化  這就是代價之一  還有其他的代價.
房多不是整天嗆人只會漲嗎 怕啥升息
房蟲怕了？
只是這些代價  是韭菜支付的. 好處都被既得利益者.
之前學者媒體也是估央行3月不升息啊~結果升1碼打臉搞得大家都是楊金龍~16號就知道結果了
拿走了.不知道有無機會  看到月出生 1萬人以下.
我壓注1碼
台灣人口持續「生不如死」 5月出生數少於萬人啊  看到了  那下一個目標  1000人以下.
炒房國央行敢升嗎？ 升了投資客房貸族要爆掉 央行要紓困嗎？ 寬鬆十幾年不是今天才有 炒房國就是要低利率！
知道車房貸最吃緊  然後放任炒價  嘻嘻
美國狂升  中日大放水    所以要跟哪邊?
臺灣央行有沒有專家就看這次了
楊金融 可以下台嗎？ 給sway 當總裁
學長是不是也在炒房？這學者＊
學者是不是套了很多房
蛋頭學者？
炒房學者?
升息就是爽到有錢人而已
排擠到炒房是嗎 呵呵 我非常不認同
笑央行不敢啦
講什麼?
資方打手
房貸要多付，先擋再說
國泰是不是銀行業務不好啊？不然升息對銀行有利欸
原來房地產比較重要  好吧
吳大任….可以滾了嗎經濟學者 瓦草那個咖洨不要丟中央臉
只要中日不升息 台灣也不太敢升的.
看到美國蠢成這樣還要學？
韭菜 快快繳納通膨稅吧 lol
升息會打趴需求想弄死服務業 那就升息吧
炒房學者 XD
雞腿便當從去年初的90元漲價到今年105了
通膨不會打趴需求?  超想吐槽的.不升息  輸入性通膨台灣就吃下去了.至於用漲薪對應?
哈哈學者哈哈
套一句蔡英文說的  去跟你老闆說你們要自立自強   然後資方超開心的.然後原先央行的職責?  轉移到勞工身上?
漲薪也是笨方法最好的方法就是招商引資 創造更多高薪的就業機會
今天晚餐才吃120的雞腿便當 上次吃的時候還沒破百
不加薪搶人 也不想搞研發的企業 就倒一倒吧漲基本工資是笨方法
這兩個又是誰？
通膨會打趴需求啊 誰說不會
新聞又開始採訪一堆無關緊要、沒決策的人XDD
學者連著名都不敢的嗎喔 原來有 那可以
不要小看某某炒房的決心，怕升息怕到這種新聞都出來了
我家這生意超好的池上便當，四年內炸雞腿便當95>100>110>120。生意爆炸好的都漲成這樣了。
很急哦 溫水煮青蛙
著名學者買方套在高點？？
建商業配文
選舉過後就升息，反正最後一任，其他人承擔
油電凍漲恢復原價你就知道了
著名學者常常跟業界有利益關係
的確 哪有人沒事去搞爛自己火車頭的
一定要升息
帶風向喔？不就滿手房地產的建商金控複合體在哭不要升息
難怪他只能是學者
升息弄死炒房不好嗎？
快升
明年就知道了，說這麼多都是屁話
美國升息就不會排擠消費？
臺灣一堆炒房槓桿開很大，繳不起就賣掉，買來自住的本來就該衡量自己能負擔的房貸跟升息風險
笑死 這些都建商打手
去年景氣甚佳，現在升息半碼就會周轉不靈的僵屍企業還是讓他倒吧
房子還沒賣不要亂升息好嗎
千萬不能升息 房價跌了怎麼辦？
很怕房價崩 護航囉！
吳大任喔...最近狂發新聞示警威脅央行不要升息，不知道房子買幾間？呵
總經白念了？
一直升息熱錢都拿去多繳貸款了 難怪交易量縮成這樣
房價跌怎麼辦 哭哭
不愧是信義不動產研究發展中心 吳大任教授 失禁失禁
專家 恩 好哦～
1碼
台灣政府只顧著選舉吧，選完油電雙漲，明年通膨炸裂
輸入性通膨繼續爽 台幣別升啊 搞死各位領錢的
看來貸很大哦，怕成這樣
一個月房貸才增加多少?  一個月通膨造成的消費成本不是比增加的房貸多很多嗎?一餐成本多10元 三餐多30元 四口 多120120*30天=3600  還有其他日常用品漲價阿房貸是貸多少?會比通膨造成的損失多?
有自身利益的人還是不要出聲
嗯哼嗯哼
現在下手差不多啦 海運未來幾個月 一點都不看好 過去半年美國貿易逆差大到不行 由於2020年疫情 加怕塞港什麼的 東西、貨物一直叫一直叫 終於在2021年下半年後 通通到貨兼塞爆 外加通膨漲爆 購買力消失 貨品積壓 現在亞洲消費性電子 一堆訂單砍光光 原本的馬上要交單也都砍了 現在下半年 就五個字 看不到未來 衰退幾乎就在肉眼可見的未來 公司有做外銷的可以問問 現在櫃子狀況如何 以前40呎叫不到情況 現在已經改善世界多了 現在看起來 不是缺貨 而更像是是美國人手裡的美金 不值錢了 ※ 引述《wsxujmyhn (ted)》之銘言： : 原文標題： : 美國打通膨鎖定運價 擬對海運業實施24年來最大改革 : 原文連結： :  : 發布時間： : 2022/06/11 13:50 : 記者署名： : 鉅亨網編譯余曉惠 : 原文內容： : 美國周五(10 日）公布的 5月消費者物價指數 （CPI) 顯示通膨壓力沉重，華爾 : 街日報(WSJ)報遵，為了平抑物價上漲壓力，美國眾議院打算下周採納參議院已通過的「 : 海運改革法案」，加強對 : 跨國航運業者的監管，這將是24年來最大改革。 : 美國眾議院民主黨領袖表示，計劃下周採納參議院版的「海運改革法」（Ocean Shipping : Reform Act)，以提高主管機關對海運業務的監管權力，並限制海運業徽收特殊費的能力 : ，後者被批評為推升海路運輸價格的因素。 : 眾院去年雖然通過更嚴格版本的海運改革法，但直到最近幾周，眾院領袖終於決定採納參 : 院的版本，不再另花時間磋商折衷版法案。 : 該法案代表海運業者將更難拒絕在美國出口的貨物。過去兩年來，許多海運業昔經常趕著 : 把空貨櫃送回亞洲，以從收費更高的亞洲出口貨櫃中獲益。 : 美國農業出口商宣稱，去年因為一櫃難求，錯失數十億美元收入。進口商則抱怨，因為收 : 取和送回貨櫃的延誤而被開罰。 : 美國總統拜登本周不只一次提及運價，他周四呼籲國會 「取締」海運業，他說海運業把 : 價格提高多達1000%，是造成運輸費用上漲的主因。拜登周五在洛杉磯港演說時再度把矛 : 頭對準海運業，他表示，是時候讓亞洲到美國航線的九大航商明白，他們無法繼續現在的 : 「敲詐」行為。 : 美國5月消費者物價指數（CPI 年增率創40 年新高，粉碎通膨觸頂的希望。高通膨引發的 : 民怨正在影響拜登政府的支持率，分析師說若再不降溫，民主黨可能在11 月期中選舉失 : 去國會多數席次。 : 拜登周五說：「對抗通膨的關鐽對策之一，就是降低貨物運輸的成本。」海運和貿易官員 : 表示，FMC 已經擁有法案中提出的多數執法工具，但把細節 : 納入法律，能讓FMC 面對航商提起的法律挑戰站在更有利的位置，更勇於採取行動。 : 然而，專精國際貿易的美國喬治梅森大學學者 Christine McDaniel 表示，改革法案可能 : 對幾年前仍苦苦掙扎的海運業帶來意想不到的後果，包括對海運業者拒絕美國出口貨物設 : 下的限制，以及把 : 延誤的舉證責任交給海運業者。 : 由於美國消費者支出疲軟，運價已經大幅下跌，從亞洲到美西繁忙航線的貨櫃平均即期運 : 價過去三個月下跌 41%至9588 美元。洛杉磯和長灘港等待卸貨的貨櫃船數量也減少，截 : 至周四為 20艘，較1月破紀錄的 109 艘大幅下滑。 : 心得/評論： : 九大航商被拜登和國會盯上了，資金換到萬海會不會比較安全。通膨的重點是油價，拜登 : 卻想從運費下手。 --
川普發的錢 被民主黨花光了重建美好的生活 基建不如空單好賺
是錢花了差不多吧？如果有不值錢的美金，可以給我！！！
飯都吃不起了買啥玩樂用品
需求輪替吧，消費電子需求這兩年預支了，該換其他需求賺錢了
東西買的差不多了啊
讚
美國是消費轉向，消費力道並沒減弱。
那這樣還要打運價嗎？不要啦
沒關係，美元沒價值前台幣會先爆
航商過去兩年撈夠了，現在不需要你了，是時候要你交點保護費惹真的貨物正缺的時候才不可能這樣搞
笑死人 美金不值錢這種話也說得出來
航運is over  前2年賺的錢 都要慢慢算帳各國政府都正準備加大監管力度
問題是船又不只運消費電子，不然scfi也不會連幾週漲了。
你的貨櫃只裝電子產品就對，一對產品，食衣住行都需要透過貨運寄送
美金不值錢，我台幣1：1換你的美金好嗎？
所以拜登也不用打運價了 讚 自然會衰退
美金不值錢，那台幣還從27.5到29.5？是不是台幣更不值錢的意思？
推，幾個月後看看結果會如何
航運又over了XD
希望美金不值錢到 1張小朋友就可買到iPhone
都成年人了，不看好，就可以放空航運，不然只是
看到美金不值錢我直接笑出來
20或40 沒簽約的，櫃子一樣不好拿的樣子欸
跌個幾%就利空滿天飛XD
美金一直升值不值錢？美元指數一直創高不值錢，那全世界的貨幣都更不值錢啦
※ 引述《KotoriCute (乙醯胺酚)》之銘言： : 原文標題： : 美通膨飆升 學者示警台灣若貿然升息代價大 : ※請勿刪減原文標題 : 原文連結： :  : ※網址超過一行過長請用縮網址工具 : 發布時間： : 2022/6/11 17:41（6/11 18:35 更新） : ※請以原文網頁/報紙之發布時間為準 : 記者署名： : 曾智怡 : ※原文無記載者得留空 : 原文內容： : 美國5月CPI達8.6%衝上40年新高，是否牽動央行下週理監事會議利率決策，學者認為，台 : 灣通膨並無美國嚴重，加上國內疫情嚴峻，貿然升息將排擠消費，應審慎思考可能付出代 : 價。 : 美國勞工部昨天公布5月消費者物價指數（CPI）較去年同期飆升8.6%，將通膨推高至40年 : 來新高，中央大學經濟系教授吳大任表示，美國5月CPI確實超乎預期，顯見美國通膨問題 : 嚴重，並無緩解跡象，主因仍在俄烏戰爭持續，能源與糧食價格一直路上攀等供給面問題 : 造就，對全球物價都會產生劇烈影響。 : 加上前陣子中國封控緣故，供應鏈斷鏈狀況應會持續一陣子，增加美國物價壓力，預期美 : 國聯準會下週將升息2碼。 : 台灣央行預計16日舉行第2季理監事會議，外界關注是否跟進美國升息腳步。國泰世華銀 : 行首席經濟學家林啟超日前分析，央行考慮升息的3個條件，包括國內通膨情勢、疫情對 : 內需產業與消費的影響以及主要國家央行貨幣政策動向。 : 林啟超指出，現在看來2個條件已滿足，其餘關鍵是這兩個月疫情對內需產業影響，4月景 : 氣對策信號綜合分數也下降到28分，相信這點將是下週特別聚焦討論的議題，「對央行來 : 說都是艱難的抉擇」。 : 他分析，近期其他主要國家央行紛紛升息，在很多國家一次升2碼的背景下，央行下週理 : 監事會議決定「升息是必然」，預估是半碼（0.125個百分點）起跳。 : 不過，吳大任提醒，升息將對經濟成長產生副作用，以家庭經濟角度來看，升息讓房貸、 : 車貸成本增加，若家庭支出增加幅度過大，勢必排擠其他消費，廠商營收遭致負面衝擊， : 最後可能造成經濟衰退。 : 吳大任指出，美國聯準會成員提到，雖然通膨嚴重，但需考量經濟付出成本，特別當失業 : 率隨之快速上升，美國可能在9月停止升息，明年甚至還會降息。 : 吳大任建議國內應暫緩升息，畢竟疫情仍處高原期、內需衰退，升息實則打擊消費，與目 : 前政府希望刺激消費政策抵觸，加上台灣通膨並無美國嚴重，貿然升息恐讓家庭經濟雪上 : 加霜。 : 他提到，台美貿易關係密切，且美國是消費大國，一旦美國快速升息產生的消費排擠現象 : 於下半年發生，台灣出口將受劇烈影響，將壓抑消費、投資，因此比起物價，更擔心下半 : 年台灣經濟表現，「非得要升息就升半碼」。 : 心得/評論： : 愈來愈多媒體開始報導說台灣沒必要跟美國升息 : 台灣通膨一點不嚴重(?!)，保經濟成長才是重點 : 寧可台幣被當提款機，也不能讓經濟火車頭停下來！ : 風向都這麼明顯了，央行大概半碼意思一下而已 : ※必需填寫滿30字，無意義者板規處分 台灣內需經濟龍頭就是房地產 土建融是公股銀行的主場 另個公股銀行的主場是中小企業放款 要是升息 乍看之下利差會增大 但是也會因會升息影響企業資金調度和資金成本 無法負擔的企業就會惡性倒閉 也會因為升息影響建商的開發意願而不願意借款 反而會影響公股銀行的獲利 公股銀行的獲利是要上繳國庫的 所以升息是種殺雞取卵的行為 像過去這幾十年來 台灣維持貨幣寬鬆與低利率才是王道 企業能繼續借新還舊 建商也好開發房地產 促進內需經濟 銀行也能賺錢上繳國庫 皆大歡喜 -- 如果還有來世，我想當一個獸人 --
提升基本薪資也會影響企業成本增長，還不提原物料上漲造成企業成本增加。
任何經濟學都會提到升降息的好處壞處，台灣長期低利多久，副作用就有多大。你有升息的概念？
皆大歡喜沒歡喜到普通人啊
總經哥出來說話啊
然後銀行股受惠於低利率 一堆人借錢炒房炒股 
這輛火車頭如果出軌了！也是政府手上爛攤子不如，現在就降速，回復正常速限，讓大家都好過點手上（X，收拾（O
中小企業也靠著低利率活著 讓銀行呆帳不會大量增加達人開課說 幾百張金融股 賺錢真煎蛋
網路上很多升降息好處壞處的討論  不要只提降息好處只會覺得很膚淺  或者有目的性?
..中小企業很多已經沒辦法靠低利存活了慢性死亡罷了
樓樓上說錯了，應該是達人開課，賺錢真煎蛋XD
經濟火車頭這種笑話也當真啊。還內需火車頭勒。一個人一輩子賺的錢先扣掉房屋的錢。剩多少可以消費？ 還有你怎麼不說房價越高租金越高商家負荷不了一直換店面？不要老是只會講弊不講利。還有啦對政府的稅收證交稅遠比房地合一稅來的都得多 不鼓勵炒股只炒房 要不是政客背後的金主建商把持 單純的看 政府一定希望炒股大於炒房
台灣房地產早就不是火車頭，只是拖油瓶罷了
1990年代利息都5-10%以上...
不當吸血鬼就等著被吸  真是詭異的風氣
如果像日本一樣低房價人人買得起，木房子又一天到晚拆了又蓋且工人都用本國人那還沒話說。台灣現在的房價單純就是壓縮國人消費空間+墊高實體經濟的成本罷了
1990台灣也還是四小龍
日本房價是爆炸過吧？呆灣等爆？
拿這些低利的錢投資炒房，此外貨幣貶值只注重出口，如果遇到通膨肯定死得很慘低利是用來獎勵創新，但是已經淪為商人亂投資，資金氾濫產業也不升級
內需龍頭是房地產？
想請問如何查詢房地產占GDP的比例
說個笑話 台灣內需靠房地產
正解！  韭菜還想跟人皆大歡喜？下輩子吧
樓上有意見嗎? 花次長都掛保證說是火車頭了韭菜繼續不吃不喝20年來買房吧 少子化皆大歡喜
高房價搞到少子化才是殺雞取卵
有多餘資產的人很開心
那些有房地產的韭菜  最好都是中古屋或是土地
內需火車頭明明就台積電，設一個廠當地房價直接漲2~3成起跳
內需火車頭不是房地產，是電子資訊業說房地產的人是活在30年前嗎
炒房國不敢升息啦 寬鬆十幾年利率 當然炒房炒滿炒足升息投資客房貸族要爆掉 炒房國央行要救援嗎？
你要不要看看台北多少店面倒光了
內需靠房地產，笑死
高房價才是殺雞取卵
不升匯率也會從輸入性通膨打到你，兩害取其輕嘍
紓困貸款不知道賠掉多少
中小企業這幾年也滅了大半了吧...時代不同 不然就是企業牌還在 貸來買房買地買股(不是沒有案例)
其實涷結工資才能真正不會通膨.為了防範通膨應該永遠凍結工資不得調薪.以杜絕通膨...
也差太多
何必這麼間接?  直接憲法規定  物價50年不準漲.
房地產就跟股票差不多啊  現在就像玩到大到不能倒的公司一樣啊  所以政府只能讓泡沫繼續或是想像成虛擬貨幣也行  錢堆出來的  只是說房子土地還是有些基本價值在
哇你的經濟學跟土耳其總統學的 真厲害
皆大歡喜是指特定人吧
講的沒錯 只是買不起房的會很不滿 而房價且確實不該漲了
當你發現吃個便當要一千塊時再看看是不是皆大歡喜
過度依賴房地產 吃毒到戒不了 超爽的
錯板了，你這篇去發房板才對
維持營運就必須要借  怎麼可能不借
錢都跑進房地產不做實業 很棒
做實業又不是穩賺不賠，就像股市有風險，不然達人幹嘛開課開訂閱，自己賺不就好了
高房價導致少子化 才是亡國 是說who care啦是說跟房地產有關的 一定會看到樓主欸
以內需定義來看，這是靠房地產沒錯啊。他又沒有說不靠爸過1/3收入都不得不投入房產很健康因此邏輯是沒有錯的。現在才知台灣就是炒房島嗎？
房地產泡沫，空屋率超高
不想跟炒也行，不升息正好全部換美金投資國外吧
達人開課開訂閱就是股市買低賣高的功力還不夠到底是要多X才會一直付錢買廢書然後還幫達人講好話真的是有夠韭菜的一群人真正的股市高手像巴菲特就會一直在市場內買低賣高才不會突然中離 你能想像巴菲特轉職開訂閱收會員嗎真正的高手就會在股市練到穩賺不賠;反之就不是高手不是高手的書也完全沒有購買價值
台灣雷曼兄弟即將上映
你這篇是反串吧?
誰跟你土建融銀行主力
五月公股金控除了信仰金外財報不錯，升息有幫助
 這股市是片繁華沙漠　只適合外資妖豔霓虹 待割的韭菜滿街遊走　打聽飆股的下落 反彈  都只是傳說　難開花難結果 妳眼神裡的訊息我懂　像隨時準備抄底的火 那新高營收我曾見過　也因此不再作水手 反彈  依然是傳說　就別再觸碰　我荒涼庫存還在痛的角落 別斷頭　如果只是當沖　如果留倉不久　如果沒有補錢的把握 別斷頭　不要給我利多　不要讓我衝動　別再把我推向海市蜃樓 --
戒情人 也可以改編 戒當沖
太快了吧？我也準備好了，只是要等畢業潮的時候再跟大家一起發..
雞雞擺中間 正中雞
6年級?
還沒週一開獎 就開始有創作文  怕爆
老人臭
怪胎
創作文爆量，週一難到要漲
被嘎是幸福絕口不提 海運
你的操作背叛你的心
多單無用
- 1.發標的文未充實內文，多空理由不充實者，板規1-1-5或4-4處份 2.進退場機制若非長期投資，請輸入停損價，否則依板規1-1-6處份 3.請依格式輸入內容，未依格式者板規1-1-2砍文處份。 標題請使用以下格式：股號.市場碼+股名+分類 (市場碼：TW US HK CN JP KR...) ex [標的] 2330.TW 台積電 長期不停損多 ex [標的] TSLA.US 特斯拉 馬斯克火星多 -按ctrl+y 可刪除以上內容。 1. 標的：2330.tw 台積電      (例 2330.TW 台積電) 2. 分類：多 3. 分析/正文： a. 米國5月cpi年增8.6% 40年新高 FED恐加強升息力道 (已反應) b. 台積電5月營收1857億 連續創歷史新高 先進製程只有它 (未反應) 4. 進退場機制：(非長期投資者，必須有停損機制。討論、心得類免填) a. 進場:530 b. 停損:500 c. 停利:1000 d. 時間:1年 - Sent from JPTT on my Asus ASUS_Z012DA. --
你會贏
好，禮拜一掛漲停買
勇
tim0120 5秒後到戰場
誰說未反應？之後不是拉到680？*之前
掛跌停買
台積電委屈了 不過之前反應過了
禮拜一 不知道又要跌成怎麼樣了
慢走不送
好，已掛賣
500停損？  那應該快了
你的說法長榮航運才是委屈吧
480收
都給你說就好了
贏定了
台積電上看2000。能超越紅茶的優質股票
你下禮拜就要停損了耶
500停損？
這波前低灌破應該就破500了
500才該接啦
比特都可以買了  為何GG不能買
套很大哦！
為啥景氣循環會跟先進製程比較....
明年上看2000~~ 後年上看3000  就是現在!!  歐印~~~
禮拜一就可以攤，賺更多
已反應
禮拜一都比530低了
689就是反應營收...之後就
500….停損？ 你認真？ 還是發發廢文？
禮拜一開盤就520了 500就停損 怎麼抱一年
丸子
400再撿啦
笑死 未反應跟已反應都你說了算
台積電確實委屈 不過不代表股價會漲 還要搭配
你的已反應未反應都是自己在定義唷? 來鬧的吧
經濟走勢跟美國公債一起看
跟著糖漿進場時all in
停利1000XD
多
450會比600先到
450叫我
1000等下次QE就會到
太早進場還在利空
可能要停損了
313撿
想買的建議掛單499.5元低接
會漲多少懂得就懂
Y呆
500買不會輸
買GG好安心 總比買航運三傻好
台積電這優質公司 變成外資匯出大量資金砍指數的公司
買gg慢慢跌  波動少  還不錯
好喔，那我五百買！
抬轎溫
早知抄底GG也不碰航運
500開始接吧 停損？
好公司，匯出資金還能順勢在期貨市場賺一筆
我也想看到1000
幻想到400？？
不要叫人進來抬轎好嗎
520上次錯過了，機會不常有
成長率30%>CPI8.6% 我話講完 誰贊成 誰反對
400進場
感覺像反串 但不得不說你GG真的抓得準
1000？來搞笑嗎先看700，2年內有沒有啦
我覺得她才要開始跌而已耶
500等你賣給我
這年頭基本面已經沒用了
期待下週跌破500
讚讚讚
450我再開始接
你說反應就反應喔 那美股星期五在殺什麼
單？
回到2年前的466梯機率越來越高了~
反串有沒有新梗
跌破500就有機會看到450了
年底破千 不要不信
499
基本面嘻嘻
500你可能禮拜ㄧ就停損 等你停損我在小撿
股版徐先生GG大部位都在萬二，超穩
周一開盤就破520了吧
給推，但週五ADR殺成這樣，這裡多真的要有勇氣
黑手很硬，跌不破五百
台股世界強 不要不信..
台股哪一擋基本面不好？ 都很好呀 怎麼一直殺？
下週一開盤就停損了
你會贏
下禮拜應該有機會接近500
500接巴
利空已反應 利多未反應 賺錢真容易
你可能星期一就停損，星期一直接灌到4字頭
看不出來是不是反串...
1000又來了這三年天天喊
350收
台積電有在停損？
你很勇喔
500停損 聽起來蠻容易的耶XD
tsm崩崩
禮拜一應該跌十塊以上吧..
說實在，台積獲利好反而比較不意外
應該是禮拜五被嚇到，現在出來吹哨壯膽
停損500 停利1000 通常現實是停利540 停損100
星期一又要當提款機了吧？
下禮拜就能停損 恭喜
板上是有那麼幾個腦筋有問題的人一直認為GG不會跌破500啦
單?
進場改一下或是停損改一下...
禮拜一崩崩
你週一可能就要停損了
不知道是韭還是壞
你這波停損機會太大了 下禮拜那些老鷹隨便喊個五碼直接下去
勞退基金會幫我們加碼
---發文提醒-- 1.發文前請先詳閱[新聞]分類發文規範，未依規範發文將受處份。 2.連結過長請善用  等縮網址服務，連結不能點擊者板規1-2-2處份。 3.心得/評論請盡量充實，心得過短或濫竽充數將以板規 1-2-3、4-4 水桶處份。 4.發文請依照格式文章標明段落，不符合格式者依4-1刪文處分。  按ctrl+y 可刪除以上內容。 -- 原文標題： 通膨持續升溫 全美平均汽油價格升破5美元創新高 原文連結：  發布時間： 2022/6/11 記者署名： 原文內容： （中央社紐約11日綜合外電報導）美國汽車協會（AAA）數據顯示，全美平均汽油價格今 天升破每加侖5美元，創下歷史新高，使得燃料成本進一步飆升，通膨持續升溫。 美國汽車協會表示，全美平均汽油價格今天首度升破5美元。在美國部分地區，駕駛人目 前支付的油價遠高於此，尤其是在加州。 根據美國汽車協會，加州平均汽油價格目是全美最高，達6.43美元。平均汽油價格最低的 是密西西比州，為4.52美元。 美國汽車協會數據顯示，全美普通無鉛汽油平均價格6月10日為每加侖4986美元，6月11日 升至每加侖5004美元。 由於俄羅斯侵略烏克蘭等原因，國際油價攀升，通膨持續升溫，美國將於11月舉行期中選 舉，總統拜登正為高油價及通膨感到焦頭爛額。（譯者：陳正健）1110611 心得/評論： 美國汽油價格創新高 首度升破5美元 加州更高達6.43美元 拜登也批評石油公司賺太多 要對石油公司加稅 拜登批埃克森美孚不增產 稱今年賺得比上帝還多 --
民主黨就繼續加稅搞綠能碳稅，絕對繼續通膨
484有人認為課稅可以降低物價解決通膨 嘻嘻
建議課稅，結果死自己～好有既視感
啊不是說通膨考慮降關稅。然後要對石油課稅？
嫌油價貴 那就課稅讓油價更貴
民主黨認為石油是萬惡之源，當然要課死這些油商，這樣沒人挖石油就沒通膨了，超棒的
每加侖5004美元 ？
不會跟中油買?
增產頁岩油不會嗎
民主黨  不開車嗎?  不用石油?
美國人真傻  學台灣凍漲不就好了
拜登也覺得航運賺錢都該死 要無償送貨啊
自己打死頁岩油的
川普的頁岩油  真的是一張好牌  然後廢掉了.
左膠思維 就是不解決問題  但是去解決商家
可憐哪
嘴說要解決 檯面下會不會有收產油國的錢啊
拜粉：把油車賣掉換電車不會嗎
等大家都換電車後發現電和電池都超貴，又要課電廠和電池公司暴利稅嗎？鋰鎳鈷都大漲也要課暴利稅？
窮人不要開車不就好了～完美解法沒需求，油價也不會漲～窮人就乖乖走路，加不起別開
不需要開車的地點房價或租金更貴 相較開車比較划算
環保啊！變貴了大家久少用，非常愛地球
之前說油價太便宜搞死頁岩油，現在油價這麼貴，頁岩油呢？
原文標題：3產險5月虧損破50億　兆豐慘虧29億 原文連結： ※網址超過一行過長請用縮網址工具 發布時間：6/11 14：00 ※請以原文網頁/報紙之發布時間為準 記者署名：顏真真 ※原文無記載者得留空 原文內容： 國內15家上市櫃金控今（2022）年5月自結獲利全數出爐，在產險因防疫險大量提存準備 金及壽險受股債匯波動亦出現獲利低潮之下，15家金控合計稅後獲利僅154.71億元，賺不 到去年5月的一半，也僅4家金控單月獲利有成長，而累計前5月獲利達2036億元，也較去 年同期減少超過27%。值得注意的是，防疫險理賠也已讓富邦金、國泰金及兆豐金旗下產 險子公司重傷，富邦產險、國泰世紀產險及兆豐產險5月稅後分別虧損10.25億元、12.5億 元及29.16億元，光這3家產險公司合計虧損就超過50億元。 富邦金今年5月自結稅後淨利42.42億元，月減7成，單月獲利創今年最低，主要是富邦人 壽、富邦證券獲利縮水、富邦產險單月轉虧所致，而累計今年前5月稅前淨利799.34億元 、稅後淨利652.23億元，每股稅後盈餘（EPS）為5.53元，前5月累計稅後淨利、EPS皆為 歷年次高紀錄，其中子公司富邦人壽5月處分投資部位的實現獲利約43億元，遠低於前一 個月的83億元。加上前一個月有匯兌利益48億元，5月考量避險成本及外匯變動準備金出 現匯兌損失約44億，影響富邦人壽單月獲利縮水。 富邦產險年5月稅後虧損10.25億元，累計稅後淨利22.2億元，較去年同期減少，主要受到 防疫保險賠款及增提賠款準備影響，5月防疫保險賠款金額為13.4億，件數3.6萬件。此外 ，5月提存已反映賠款準備餘額18.8億，包含已報未決案件及已發生，但尚未報案的案件 。至於是否有增資計畫，富邦金表示，產險5月底RBC仍超過300%，增資與否仍在評估中， 若需要金控就會增資，維持產險長期穩定的經營及保戶的權益。 國泰金自結5月稅後淨利23.2億元，較4月97.4億元大幅衰退，跟去年同月相比更大減近68 %，也是2020年6月、23個月以來單月獲利最低，而累計前5月稅後淨利462.7億元，年減41 %，EPS為3.5元。其中國泰世紀產險截至5月底其防疫保單已賠付4.4億元，加上預先提存 理賠準備金18億元，也使得5月稅後淨損12.5億元，累計前5月稅後虧損4.1億元，國泰金 董事會也已通過100億元增資國泰產險案，為強化資本提早進行準備。 兆豐金也受到兆豐產險單月稅後大虧29.16億元影響，金控自結5月稅後虧損11.44億元， 累計前5月稅後淨利66.16億元，累計前5月EPS為0.49元，在4家公股金控中，累計獲利掉 到最後一名。其中兆豐產險5月大虧29.16億元，主要因提列防疫保單相關保險準備36.54 億元，兆豐產險也將持續依政府防疫政策及疫情後續發展狀況，審慎評估應提列的相關保 險準備，並依保單理賠狀況擬定流動性因應對策。 另外，新光金自結5月稅後也虧損20.12億元，創17個月單月最大虧損，主要是新光人壽、 元富證券單月都出現虧損，拖累金控單月轉虧，加上前5月稅後獲利也降至25.65億元，累 計EPS只剩下0.14元，在15家金控吊車尾。 台新金自結5月稅後純益4億元，累計稅後純益30.6億元，年減56.16%，每股純益0.21元， 其中子公司台新銀行5月稅後純益7.6億元，累積稅後純益為47.4億元，核心業務獲利動能 穩定；台新證券5月稅後淨損0.7億元，主因證券市場指數波動大及交易日均量較上月減少 ，分別致公司營業證券處分利益下降及經紀相關手續費收入減少，而累計前5個月稅後淨 利1.8億元，主要是國際情勢變動、證券市場指數波動大且成交量較去年減少，致公司經 紀手續費收入、營業證券處分及評價利益皆較去年下滑。 另外，台新人壽5月稅後淨損2.2億元，主要是5月下旬台幣急速升值，導致5月兌換損失增 加；累計稅後淨利12.6億元也因投資資產配置調整實現處分利益，以及今年度台幣貶值影 響致兌換利益增加，整體獲利表現優於同期。 至於開發金5月自結稅後獲利3.2億元，月減79.3%，累計今年前5月稅後獲利115.44億元， 年減16%，每股純益為0.69 元，主要是5月金融市場持續受通膨議題、烏俄戰事及美元走 勢震盪影響，因而呈現波動，其中中國人壽在保險本業表現與資產品質仍維持穩健，惟上 個月美元走弱，導致整體避險成本增加，中壽5月份稅後獲利為4.07億，累計今年前5月稅 後獲利達111.82億。 凱基銀行受惠利息及手續費收入等核心收益貢獻，5月稅後獲利為4.16億，累計前5月稅後 獲利達22.05億元；凱基證券獲利動能受資本市場波動影響，5月份稅後獲利為2.2億元， 累計前5月稅後獲利達18.75億元。受到國際資本市場波動影響投資部位評價表現，中華開 發資本5月份稅後損失3.02億元，累計今年前5月稅後損失為12.01億元。開發金指出，預 期短期內金融市場仍將充滿不確定性，面對外在環境的挑戰，開發金將持續專注本業，透 過落實ABCDE策略，並放眼中長期成長，以降低營運波動並蓄積未來成長動能。 中信金今年5月自結稅後盈餘為24.4億元，較前月與去年同期均衰減近3成，累計前5月合 併稅後盈餘221.7億元，EPS為1.14元。中信金表示，5月銀行及保險核心動能穩健，整體 獲利維持良好，惟子公司台灣人壽保險公司因市場變化，匯兌損益波動較大，影響金控單 月獲利。不過，若與去年同期相比，銀行業務方面，國內及海外分子行放款皆持續成長， 加上利差擴大，帶動淨利息收入增加；保險業務則受惠保單銷售動能表現良好，且美元升 值使匯兌損益表現較佳，未來將持續掌握市場環境變化創造收益。 心得/評論： 雖然台灣確診人數持續上升，防疫險的理賠對於各金控的影響有限，最多就是獲利減低， 不會有災難性的影響，對於想要入手金融股的投資人是短空長多，為進場布局的好時機。 ※必需填寫滿30字，無意義者板規處分 --
開發資本到底在幹嘛，該不會今年賠個30億啊
推 富邦金買起來
感覺有壽險的只有中信金能買而已，不過買銀行比重高的還是安全一點
兆豐金是買信仰的 虧損有差嗎?哪年EPS就算是負的 股
開發資本就辜二少親自管理的公司 請他別再投資了
價至少還20以上吧
別急都還沒開始呢....XDDD
信仰無價
兆豐好慘 即使升息銀行還是沒有回到往年的獲利水準
快逃 真的 這幾檔要填息很難
沒差 炒房同路人
還好啦賣些房地產就有了
金融掰
存股網紅4月狂買的到底還在不在啦
台灣都10%人口感染了 挺多再賠一兩個月啦
富邦金以進場 他倒的可能 比我發財的機率低 買起來哈哈
學富邦賴賬就好了啊
0056踢光金融股是不是做對了?
不怕！我大兆豐被美國罰過更大筆的，股價照樣翻倍
賣賣樓就幾十億幾百億進帳了 輪不到我們這些人擔心啦
這次要翻到第幾頁？
就愛賭啊，前面台產示範大賺變大虧還熱著呢..
那我是要等到疫情理賠趨緩的9月財報還是明年Q1再接起來
不用替賣書仔擔心 靠賣書錢無限攤平 怎麼輸
40多的才幾張？20多的幾百張咧只是很多人看到買40多也會跟著買買完殺下來有沒有錢能繼續攤就未必了
兆豐金請下來讓我上車，感謝！
當初外資投信為什麼狂買拉到45 是看到什麼..
好 十元收
水
真心好奇賣書仔4月買的富邦跟開發還在不在前面有人說啦 不要說長期投資買Po單 調節不說啊這樣就買書的情何以堪
買書的盈虧自負阿 書錢賺到手了 笑看傻B韭菜
買書的就超級新手韭菜啊 自生自滅就好
股價要再跌多一些，才能佈局
當初一堆人苦口婆心說這價位不能碰 被狂酸狂罵
有的是俄羅斯踩雷，有的是防疫險踩雷，更甚的是兩邊都踩到的金控
原文標題： 通膨惡火延燒 Fed本周升息3碼機率增 原文連結：  發布時間： 2022-06-11 20:07 記者署名： 經濟日報／ 編譯湯淑君／綜合外電 原文內容： 美國5月消費者物價指數（CPI）年增率衝上8.6%，粉碎通膨觸頂下滑的希望，並敲響通膨或 已失控的警鐘，也使本周聯準會（Fed）決策官員一口氣提高利率0.75個百分點的可能性大 增。 根據CME FedWatch工具網站，聯邦資金期貨市場交易員如今認為，負責Fed利率決策的聯邦 公開市場操作委員會（FOMC）在6月14日至15日會議上升息3碼（0.75個百分點）的機率達21 %，比9日CPI報告公布前的3.6%激增。大多數經濟學家仍認為，本周FOMC仍可能升息2碼，且 至少到9月底也維持同樣升息步調。 不過，華爾街分析師紛紛上修預測，如今認為最快本周，FOMC就會加快升息腳步。彭博資訊 報導，巴克萊成為第一家喊出升3碼的華爾街大機構，經濟學家米拉領銜的團隊發布報告說 ，Fed現在有充分理由擴大升息幅度，據此「把6月15日預估升息幅度上修至75個基點」。 Jefferies經濟學家馬科斯卡與席蒙斯也認為，最新CPI數據「將迫使Fed換成高速檔，採取 前重後輕的政策緊縮」。 上回Fed升息3碼是在1994年，時任Fed主席是葛林斯班（Alan Greenspan）。 市場原先普遍預期FOMC 6月升息2碼已成定局，但10日出爐的通膨數據比預期熾熱，物價漲 勢還蔓延得更廣，從汽油、食物到住宿費全面勁揚，升高Fed更加把勁升息的預期。有些觀 察家甚至擔心Fed已對通膨失控。 資產管理公司Laffer Tengler Investments執行長兼投資長騰格勒形容5月通膨數據「糟透 了」，不僅整體CPI數據高於預期，連剔除食物與能源的核心CPI也比預期火熱，可見通膨「 比預期更持久、更黏」，「Fed 6月會議可能見到升息75個基點」。她並預言，通膨數據沒 改善，美股整個夏季走勢恐怕難看。 Fed目前政策利率目標區間是0.75%-1%。決策官員希望循序升息，同時不引發衰退。但通膨 持續升溫使經濟「軟著陸」任務更加艱鉅。 心得/評論： 前幾天剛出爐的美國五月通膨數字，創下四十年來新高，對此華爾街上有分析師研判本週聯 準會升息的幅度有機會來到75bps --
老實說沒啥太多幫助 油價不解決繼續高通膨
不用升了啦，沒救了，拜登會帶大家上天堂
如果只有2碼一定大爆V
3碼還是太慢 不過FED不敢面對事實
供給拉不上來壓低需求也是一種方法
我就說要打通膨應該要7月5碼 9月5碼
3~4碼. 至於失業部分就是福利政策以及跟富人課稅.
看了美國人想法 在看看鬼島 人家是想打通膨照顧普通百姓 鬼島不是 只想顧經濟 忽視通膨問題
盡量把通膨輸出  照顧美國人. 至於台灣央行....
一定2碼 然後打W底
要讓通膨降溫的利率在4~5% 算一下要多久才能升到
要就直接10碼加一加 每天在那邊作怪
讓不該買房跟買好車有資產的回去吃土供需就解決了這就是USA 跟FED想做但是不敢明說的事情
怎麼可能3碼
2碼v  3碼
台灣要升幾碼？
六月一次20碼，才有用
按目前進度要12月才能達到3%的中性利率 打個鳥通膨
覺得3碼跑不掉  4碼有機會  且下一次不會低於3碼.
已經在縮表了，不需要升到4%，3.5%就夠了
其實不用管台灣幾碼.  反正我換美元了 只剩必要的.對於台灣央行的信心. 大概就這種程度.
禮拜一天崩地裂
縮表才剛開始 市場都還沒反應呢 頂多7月9月調高幅度，6月應該不會動
台灣升降息都很慘.  但是真的要比的話  不升息更慘.
可以爽存美元了
一直很好奇升息到幾趴你會願意把房子降價賣？
不認為台灣有勇氣20年的低利泡沫給戳破. 會繼續吹大
台灣不升息會有滯脹風險
給後代去處理  或者至少別在我這任發生.台灣的政治家  我自己覺得  就這種程度.
台灣繼續讓中油台電凍漲啊，CPI就永遠不會高
不是降不降價賣問題 而是生息把一些槓桿開超大炒房
台灣沒種升啦 就一直把問題丟給後面接的倒楣鬼處理
仔賠錢賣 一堆炒房宅屯一堆空屋
中油台電可能真要賠到倒閉了，天然氣石油全世界台灣最便宜
印象中  有看過哪個國家  築起PPI大壩  然後潰堤.GG
美國真的想救美國人就該從原油下手 而不是整天覺得升息能救世界
國外原油期貨漲價，台灣油價還能下跌，你就知道多扯
燒光外匯存底  缺電  缺油  缺水  輕微到越來越嚴重
通膨還會在繼續竄升 一開始就是想慢慢打慢慢打的結果就是石油跟天然氣維持多頭走勢
失業潮  民生製造端全倒. 怎麼救都沒救了.
為什麼還有人還在幻想不會升息
如同水庫潰堤  下游一片死傷.
台灣是廠商進口成本很高，但國內電價天然氣石油都便宜，非常畸形
升息的力度要猛破壞石油跟天然氣的多頭走勢
建議一次升息30碼
也難怪一堆人支持天然氣發電，因為吃米不知道米價
別怕，Fed沒那個膽，就兩碼
預估6月CPI一定會超過10
升息只對貸款有壓力吧？
請看看川普。當初搞出負油價是靠升息？
哪天弄垮台電中油 就學台鐵公司化 賤賣土地給財團啦
建議一次升300碼
FED還在當縮頭烏龜 要成功打下通膨就要讓GDP負成長
財團買土地繼續炒 賺來的錢就繼續政治獻金 loop下去
堂堂一個美國整天想要靠FED的工具 顆顆
預估GDP要出現-5%~-10% 才能打下通膨
我每次都跟中國人炫耀台灣油電天然氣好便宜，比你們還社會主義國家XD
玩到通縮 全世界一起陪葬
金融工具   這個很常見.
升息是要升。但不是完全靠升息
在弄一次2020消費急凍 油價就下來了
白痴 想打通膨 不打石油 只會升息搞航運 然後還不想衰退 美國人選出這種智障總統真的有夠可悲
敗登有夠87 最重要的事應該是喬烏克蘭停戰協議
我也覺得應該要從石油下手，這是美政府能夠干預的事
失智老人不想選了的話就3碼吧
去實驗室再找一種病毒放出來比較實際啦
這版真多水手 咕嚕咕嚕
有種就一次升到10%全世界一起死 通膨就下來了
多升幾碼很合理啊 力度還不夠
FED去年一直說通膨是暫時的 放任到今年繼續開趴現在火燒屁股才在升息處理也能吹成為了照顧人民 XD
俄烏戰爭就一直打，油價糧食怎麼解決
台灣央行老神在在
應該繼續兩碼，三碼他們會怕
叫Fed去打油價  還不如拜登去多挖幾桶油
美國到底怕升息怕三小啊 搞不懂
又在騙 上次也喊3碼還不是升2碼 怕股市崩整天放話
一次20碼才有感，要升不升假鬼假怪
停挖頁岩油 OPEC不增產 限鵝國賣油  油價當然噴翻天
升到受不了 賠錢也要賣阿
需求面解決油價很難嗎  偏要fed狂升息打爛經濟
是不是有人認為買房不會賠的= =
一直喊3碼 下次升2碼 股市又能噴了 玩不膩
等到景氣蕭條大家不消費油價當然降  但你要這樣搞?
烏俄戰爭長期化 原物料原油價格上漲才是這次創高主因 烏俄源頭不就是老美搞的嗎
放風聲了喔 到時候2碼優於預期又爆噴一波
喊三碼升兩碼 低於預期大噴結果我們都想的一樣
升快一些壓下通膨，股市也一併壓低讓大家補貨
崩爛
升息力度3碼不夠 加油好嗎
升三碼日幣要直接破140了
難不成升息大家就不開車上班了？
內文完全沒提到三碼 標題很會
以結果論和實際行動來說，民主黨根本沒想要真的壓通膨，只想騙選票而已。通膨壓下去更不利灑錢加稅，這些民主黨最想幹的事
當消費者有漲價預期 需求是降不下來的，只要讓消費者產生降價預期，就不會搶買，需求自然會下來
好開心啊謝謝大家
薪水不變，通膨，買的東西變少，實際上就是減少消費了排擠效應
別幻想升3碼了 昨天cpi一公布就有人出來喊利率升到5%  是打算直接幹死美國就對了
管你升幾碼 可以壓通膨100碼也照升是不是被這10幾年寬鬆資金慣壞了？升個1碼好像就要世界末日
FED早就表示過了 在有效壓制通膨前不會停止升息 等著看好了
升多一點阿 看FED能多低能 反正美國政府沒打算用正常的方法救經濟
通縮救全世界
10碼好阿  幹爆炒房投資客
鮑爾都說不會升三碼了  顆顆  還有傻空看報紙？
整天喊升息 恐嚇 然後正事都不做 浪費大家時間陪你低能政策搖擺 繼續騙阿 花一堆納稅錢養一群廢物
早來不及了 重開QE 享受最後的時光不好嗎
廢物鮑爾
管你升3碼還5碼 都不會影響元太 嘎爆老蘇的事實
根本抓錯藥單
讓他升 讓他升
美股將一去不回頭！
升2碼讓通膨繼續上升，你確定股市會漲?
不是有專家說一路向北?
照顧普通百姓？升息先死的是普通百姓啦
真的三碼升上去再來報好嗎？想炒股啊？
不升3碼 空方會生氣
升息一樣是減少消息，先死的就是服務業減少消費
升降息的差異在於物價通膨速度...
先喊三碼，到時只升兩碼股市又有藉口噴
通膨也是先死普通百姓
會不會到時候升2.5碼，通殺（Fed以前有升半碼的嗎）
廢話，在某黨眼裡，台灣人不如拜登一隻狗
我知道美元保單又有幾年好光景了
贏了公園第一排 輸了公園首席  怎麼輸~~
再殺一段真的會擊潰多軍信心
原本就預計是2碼阿  如果開2碼哪算利多..開3碼才要大爆崩吧
怎不一次升完來個崩盤
四碼快來
五碼就直接墜機了吧還軟著陸
台灣賺美金的…房價爆炸也輪不到你買
白癡老包 整天說沒那麼嚴重
這種原物料上漲的通膨 升息升太多才糟糕 因為物價依然降不下來 公司行號準備倒一片 失業潮就會出現了
已經不是升不升息了 油就是這麼貴ㄚ
升息是控制熱錢導致的通膨 原物料導致的通膨升息太多全面就準備吃土了
白癡！俄烏戰爭不解決怎麼處理通膨，升息根本沒屁用
爽啦 已經歐印SQQQ 跟換美金了..=.=+
大概是玩需求減少供給相對變多物價自然下來的招數吧，畢竟供給目前就是拉不上來
台灣七月至少2碼
現在這個通膨升息是沒用的，但還是得升，因為要壓制通膨預期，又不能升太多太快導致實體經濟崩潰連鎖反應。在拜登老是提油救火的情況下，fed已經算很盡責了
直接升讓經濟崩潰股市崩盤，半年搞定，今年底QE慢慢升如果經濟下去，通膨沒下去，可以痛苦好幾年
的確快刀斬亂麻是一招，只是年底要選舉，這樣下去就更不用選了連騙的機會都沒有
台灣半碼意思意思一下
叫你一碼一碼升，你還在給我暫時的
根據國泰那邊的預測，有可能是一碼＋未祭出選擇性信用管制或是半碼＋對不動市場微幅調控
壓通膨只會升息
頁岩油產能開下去早就解決了....到底堅持甚麼
油價 戰爭都不顧 升息通膨就會下來
拜登真的是美國史上最爛總統 原本以為美國馬已經夠爛了沒想到拜登可以爛成這樣 源頭不去解決一直挖東牆補西牆
去年fed大概以為拜登會像川普一樣以經濟為優先所以才比較輕乎通膨，結果沒想到美國總統自己就是通膨製造者
實話說登登為啥不用國防生產法強制頁岩油商開採？
為何不直接4碼
強制油商生產就失去道德制高點
明明更早就能升 非要找藉口通膨是暫時的 搞通膨預期爆炸 FED就是沒擔當 才搞到現在這樣 看他怎麼收場
3碼 別鬧了
升三碼老蘇要一戰成神啦
好啦 升100碼啦敢不敢
要升快升啦 一直放消息早就該升還一直拖
民主黨把環保神主牌一丟才是真的不用選現在至少可以扯遠在天邊的普丁說他壞壞都他錯一直把武器跟錢扔給烏克蘭 一邊期待動盪局勢下原料大宗商品會下跌  .....我個人有點悲觀，覺得戰爭不結束 加息效果會很糟除非真的加到很誇張到完全抑制消費欲望的加法但那等於也不用拚經濟了 拜登最後那一點點的連任希望也會破滅所以怎辦? 就現在這樣是最無奈解吧 至少有普丁能怪我要看到血流成河
嫩 來個十碼招待一下啊
靠純加息打通膨 那就要加到經濟大蕭條才有用
本來就不用想拚經濟了 通膨能給你壓下去算不錯了
別忘了美國是軍工複合體 有些利益集團不管誰在台上
怎麼升幫助都有限啊= =
都要妥協 不管是川普還是拜登
民主黨真的一堆北七。
反正老話幾句吧 就算強如美國 也不可能同時跟中俄同時搞起來自己不出問題美國依然是世界最強 但影響力正在下滑
就是壓到物價將下跌成為全民共識吧，現在是物價上漲是共識
比起之前伊拉克戰爭 現在更多國家能選擇不靠邊站物價要怎麼下跌? 美國我不知道 但我家附近的便當店
4碼
從沒降過價鴨腿飯從85吃到130
頁岩油什麼時候要動起來
鮑爾葉倫再不出狠招除了通膨炸掉  拜登期中選舉也會一起炸
不要說的好像拜登期中選舉有希望似的XD美國歷史上期中選舉都是對執政黨不利的如果上面規則成立 按照本來席次來看 拜登的參眾院其實都會丟
正常來說每年2%的通膨有益經濟發展但超過2%經濟成長又沒跟上 就不好 看看美帝它是真的不得不壓了
換個川普來好嗎
升的慢只是溫水煮青蛙 沒了消費力爛財報只是晚公布
感覺這次很恐怖啊
直接升10碼會不會比較快，看看是不是馬上壓通膨下來
拜登期中選舉本來就沒望了 民主黨會輸很慘
還不是爆噴，升3碼利空出盡，升不到3碼利多唯一欣慰的是沒印鈔了，全球要亂炒股難了…利多利空都不停爆噴2年還爽不夠嗎？
全美平均汽油價格每加侖5美元 換算成台幣公升 大概是39.2元 中油價格的公式（70%杜拜＋30%北海布倫特） 依公式 95無鉛汽油每公升大約38.5元 目前價格是31元 中油吸收了7.5元 選前政府大概是不敢漲 之後越虧越多 等選後再來一次油電雙漲 物價大爆衝 --
羊毛出在羊身上 選舉後一定漲回來反正中油虧損 也是全民買單 呵呵
全民買單不是無上限  錢從哪裡挪?
有差嗎，反正是拿人民錢，能選贏就好
選舉還幾個月撐的到嗎
中油很有錢的 不怕
如果要他們出錢還不翻倍加價賺
而且民營體系的加油站都不怕了
不吸收的話，物價八成會漲的亂七八糟
大條的還有天然氣
不會啦，亞洲金融危機2.0、原物料需求最大的中國會陷入經濟衰退，人民幣會貶破中美貿易戰時的高點7.2
你不必擔心錢從哪邊挪 只要擔心選後漲多少
選後一次性油電炸裂 就看金龍哥這次怎麼拆彈了
虧錢一定是肥貓太多 民營化救中油
現在中油認虧吸收，勉強壓制通膨，等政府真的放推，油價上漲→萬物齊漲，到時候你酸民再來唧唧歪歪
難怪寶島通膨2-3% 鎂國8-9% 到底是寶島變鬼島 還是鎂國變美國 讓我們繼續看下去
拜登還不趕快抄作業 油電凍漲通膨就下來了
特別預算撒下去就千億起跳 沒在怕 之後中油台電一起民營化拆彈
鬼島最好通膨才2-3%，隨便都5%以上啦
中油賺的都倒賠幾百億了還在中油很有錢，一定是編預算補這塊啊，最後一樣是人民的稅金出。台灣根本沒跟中國買油，喊人民幣貶值的在想什麼…
要衰退歐洲先，糧食能源雙彈，年底引線就燒完了，準備跟拜登一起見證奇蹟
全民買單 只有政府還在那邊裝低通膨 都是為了選票
有種放推，笑你不敢
想想電業法cc
年底獎金照領不要不信
高油價台塑外銷賺錢，只有中油內銷虧錢賣，希望到時候台塑減產不賣的時候，要摸摸自己的良心
掩耳盜鈴 油價不漲 沒通澎辣(都從你稅金出
羊毛出在羊身上==
中油油虧的好像沒天然氣多
我有一個問題。2024 1月也要選舉。2023大暴漲2024怎麼選 ?  還是過年就大暴漲，2024就忘了
爽到常開車的
有差嗎？富人稅 證所稅 地價稅  全部漲個30％ 又是一尾活龍
油漲你也叫，不漲你也叫，講得好像繳很多稅的樣子
反正這種硬吞遲早要還的 看怎麼還而已
有看過剝皮酒店 沒看過剝皮政府嗎？
中油很有錢，你難以想像
政府不敢承認通膨，漲油價豈不自打嘴巴
美國的39有含燃料稅嗎？
沒事兒 政府賭九月以後通膨趨緩啊 賭看看
應該會吸收下去，總不能這也要時空背景不同噴上去
台電中油借的到錢，虧再多都不怕
好喇每兩年都要選舉什麼都扯選舉。
中油除了油外 還有台電的天然氣要吞
現在舊台電中油硬抗 拿過去兩年獲利來補以前用油電雙掌罵過馬英九怕迴力鏢吧
不漲靠腰 漲了也靠腰 都你說就好
觀念正確，政府實在不該這樣
中油如果不漲 今年有機會虧兩千億
乾脆燃料稅也一起隨油徵收 一次漲爆好了 台灣本來就是控制物價控制過頭的 健保、醫療也緩漲 但民眾就真的過太爽事實上物價真的控制的太低了
歐洲跟中油買啊 還降價耶XD
物價低？你怎不看你薪水多少
漲死上面那些護航的王八蛋
好意思講中油台電噢，健保趕快大漲一波啦，台灣人享受便宜的醫療多久了
油商賺爽爽
現實跟理論絕對是不一樣的，前車之鑑很多散戶都覺得自己是股神 我就問嗎 跌破480買不買？ 之前分享估今年35附近 本益比13多 殖利率破3 除非你覺得台積未來五年會衰退 不然480肯定買爆 那你能篤定一定到480嗎 好 那換個角度 以台積資本支出 可能再過3年一年增長10%就好 可能就接近50 到時候通膨緩解利率有可能下調 那有沒有可能800-1000？ 所以 這是個機率遊戲 要跌 最多跌一成 要漲 可能漲五成到一倍 其實現在買不是賭 因為這賠率1:5很划算 現在不買才是賭 過去20年 我相信應該有幾十萬人都曾經 “我眼光果然很準 可惜當初想說再低一點就買” 最後被嘎空手 --
電動車半導體是手機的十倍，一台車四隻手機
樓下說基本面...
還是2.5倍，加上換車潮跟油車禁令，噴爆
未來有成長性的優質公司 在價格被錯殺時買進並長期持有 是最穩最安全的獲利來源
台積電長期五年就是噴爆
看外資籌碼成本啊 底部本來就有可能落在450-466之間
等通膨緩解利率下調 會有更多可以漲超過一倍的 何必買台積電
短線股價看籌碼 長線看基本
就慢慢買就好了啊 搞的好像要一筆歐印一樣
整天外資小兒小兒的罵 想賺錢籌碼成本都不看怎麼賺
台積市值13.7兆，2022年收益0.78兆，17.5年回本如果真的崩到480買爆好不好，不買的是傻子
單呢?整天一直鼓吹別人買，自己不買?
你要買就買來這裡取暖幹嘛 不用告訴我啊
來張單狠狠地教訓這些韭菜吧
HPC才是主場
未來營收是不是會衰退還真不一定，先進製程之外還有成熟製程，成熟製程部分未來很可能變紅海削價競爭
現在買原本就很安全啊 但還是分批入場就好
HPC的終端應用到底是什麼 有人可以解說一下嗎 這些CEO一天到晚HPC掛嘴邊 很虛
滯脹疑慮下多留點現金比較安全
不買GG難道要買航運三傻!?
HPC很虛？真的笑死 一堆人每天在用還很虛
外資：你想要是吧？通通倒給你
還在本益比？那你航運怎麼不看本益比？
HPC不知道用不用的到先進製程，如果成熟製程就可以的話，那對GG可不是好事
成熟的可以用就不那麼H了
股東會不就有講新製程就是客戶有需求才會開發
個人電腦都要用先進製程了我就問你哪來HPC成熟製程即可的想法
滿滿的長榮即視感....
HPC就：AMD NVDA.INTEL
而且GG的成熟製程根本印鈔機
3年時間 鴻海200gg800 大家說好不好
要看10年本益比
成熟製程未來很大可能是紅海，印鈔機未必能一直印下去 而且先進製程和成熟製程是相對的  現在七奈米是先進，五年後未必不會變成熟 成熟就意味著紅海
重點是本益比是固定嗎？這明明就評估出來的，一堆人一輩子套用
用成熟ok的 但是對手用先進你怎麼賣？人家就是贏佚
好了啦 不要再壯膽了
跟apple說安卓家那麼廢 用A15擠個兩年牙膏好嗎
韭菜總是自以為比外資會算
貴婦喜買gg爽歪歪
散戶只想買惹就漲   不可以跌我說那些連GG講hpc在幹嘛都不知道的   可以滾惹GG跟尼各位無關   謝謝      笑死
不懂裝懂的一大堆 明年開始7奈米確實會變成成熟製程 不過那個是對台積電而言 
紅海勒 真的搞不清楚狀況 某些放棄先進製程專做成熟製程的廠 產品競爭力還不如GG的成熟製程
GG的股價已經反應好幾年後 中間有變數就跌慘
外豬：我超會算 所以一直賣
 HPC介紹
三星到了今天都還卡在台積電7奈米家族的水準然後良率還很兩光
三星7nm的良率應該是堪用的 怎說也有70%以上但他的散熱確實兩光 未來大概自用 或給4G晶片
喔 原來外資不知道台積有先進製程 外資也不懂 HPC讚讚 跟著股版買就是了
gg幾塊買都沒差 前提是抱得住
看你發這篇就知道還沒到底
有什麼新科技是用LowPC的麻煩教一下 拜偷
500左右的股價頂多反應2年後吧~688就...
不懂第一句嗆什麼? 台積股東多了那麼多  還是你的意思是叫散戶別買? 看不懂你要表達的意思欸
下禮拜第一個跌GG，可憐
※ 引述《KotoriCute (乙醯胺酚)》之銘言： : 不過，吳大任提醒，升息將對經濟成長產生副作用，以家庭經濟角度來看，升息讓房貸、 : 車貸成本增加，若家庭支出增加幅度過大，勢必排擠其他消費，廠商營收遭致負面衝擊， : 最後可能造成經濟衰退。 升息房貸增加，影響消費，不過存款戶也多出了錢可以消費應該可以互相抵銷。 倒是他說台灣通膨不嚴重這真的假的？就大家感受是滿嚴重的，現在是油電被政府刻意 壓住，今年選完之後回歸浮動費率，油電會往上噴一大段，所以吳大任的看法雖然有些 是正確的，但失之偏頗的地方也超級多，連油電這種被控價的問題都沒考慮到，居然說 台灣通膨不嚴重，這樣就不太合格了。政府如果有決策顧問千萬不要找這種的。 --
跟美國比相對很不嚴重 加州油價飆到8美元/加崙出門不能不開車的地方加一次油110-160美金 哈囉？台灣再怎樣都還有過去20年攢的超低物價老本能吃
台灣應該是產油國，別國在調漲油價，我們在降價
磚家
沒差，台電中油不行再搞附加捐回補
升息 定存族收入增加 消費upup!
便當都錨定100了跟我說沒通膨？油電壓著這樣民生消費還漲成這樣沒看到？
反正把必需品的加權降低 少用的加權提高你總能得到好看的數據
台灣有20元蚵仔麵線 不嚴重啦
呵呵！搞爛油電國營才是目的吧！傻傻的！
如果央行理監事也講出這種話 算不算瀆職圖利?
老蘇預告在前～
看蛋價就好...沒通膨?
你家巷口賣吃的真的都沒漲嗎
台灣物價上漲不是通膨 我說不是就不是.. 嗚嗚
我都吃20元蚵仔麵線阿 怎麼了嗎?
中油虧損也是全部人一起買單啊
數據的藝術.
台灣就一堆理財觀念很差的當官 期待什麼?
誰用的越多  越少省錢  一起買單  省誰的錢? 用誰的
可樂35元
o幾年經濟大好都跟政策沒關係 新南向政策搞了啥? XD
美國最貴的油價不到台灣兩倍，可台灣薪水大概只有人家三分之一，這樣誰比較苦
錢? 這就是個問號了.所謂的一起買單   本身就是一個大陷阱了.
台灣哪裡物價低啊，傻了喔
一般人幫用電 用油的企業買單?
傳統市場逛一圈就知道有沒有通膨了
沒漲的也只是中間商或一級產業吸收 上游沒在控的喔
台灣就是騙人數字，都把不利炒房的數據降低或拿掉，反正韭菜不會看
電動車族群股票噴爆
扣掉油電被政府控制 臺灣通膨 隨便算至少15% 誇張一點25%也跑不掉
最近看一些學者講話怎麼好像都在同一邊？
這10幾年除了科技業薪資也是慘
台灣物價低？看看別國的薪水好嗎
台灣只有科技業暴漲 ，其他都低薪
100塊便當吃不起的還是把網路費省下來別上PTT丟臉吧
等到台電中油經營危機就會突然發現通膨很嚴重了然後又能全部民營化，號稱改革了
沒差，到時再用稅金補貼
台灣服務業薪水不到3萬的一堆寧願領低薪 也不願去園區輪班
現在中南部上班族午餐便當都100元起跳了
當然是假的，只不過人家有錢抓癢而已
一個國家  可以沒有服務業?  超想要吐槽的.
※ 引述《humbler (獸人H)》之銘言： : ※ 引述《KotoriCute (乙醯胺酚)》之銘言： : 台灣內需經濟龍頭就是房地產 回一下這篇的推文 雖然沒看過相關統計數據，但只要你生在這國家，不靠爸且沒有遺產， 那收入往往有高達三分之一到二分之一要拿去繳房貸、繳租金和存退休的買房租房錢， 剩下的收入才會分給食衣行育樂小孩和寵物， 因此說房地產是內需火車頭很奇怪嗎？ humbler 又沒說這種火車頭不變態，對吧？ 要面對事實，近 15 年台灣就是個炒房島呀~ 好不容易擬了只打炒而非把價格打下去的政策又要延到最快九月審了， 到時誰知道會不會又說景氣不好，無炒作風險，法規又有爭議，因此就不修了呢？  不想跟炒的話，反正不管央行敢不敢升，其實影響力都不及 FED 的 QE 或縮表， 既然美國十年期國債殖利率已在月初正式突破 3% 關卡， 那手上幹麻還留新台幣？ 盡量換成美金去買美債或撿落難外國股票就好了呀。 央行升息，我的錢要走，因為留下來要嘛只能買房， 不然也是在那些股票市值和景氣搖搖欲墜的少數產業和公司挑， 或是產業偏頗、費用高、指數非以台幣計價、追蹤誤差又較大的 ETF； 央行不升息，那我的錢走得更快，現在不換美金，以後應該會更貴， 若躺著就有 3% 誰要在這浪費力氣。換了以後說不定既賺利息，還賺匯差咧。 炒房的人會炒完就移民國外，那如果政府沒有足夠的作為， 小百姓也該學聰明點用腳投票，對吧？ --
房貸這麼少？還是這邊月薪都破10萬
房地產火車頭公開的笑話 社宅蓋下去也可以是火車頭建商用的材料社宅也會用到 租售價還會有政府監管前提市政府會監管的話 呵呵
這篇說得沒錯啊 自己要會變通
火車頭效應已經很低了 台灣現在是大外銷世代 
台灣房一坪合理也才四萬 炒到20萬up 還有虛坪 100坪可以當300坪賣 世界真得跟不上
說真的，炒房是國民的問題吧？就把搶著買啊
便宜的房你不會想多買幾間嗎？
台灣的問題是在該左的地方不左 不該左的地方要命左
非自住持有成本很低 有錢人不屯房才是笨蛋持有成本這件事情 但...無解
原文標題： 先進晶片恐缺20%？傳台積電警告客戶擴產不如期 原文連結：  發布時間： 2022/06/10 10:21 記者署名：郭妍希 原文內容： 延燒兩年的半導體短缺問題，先前僅侷限於較成熟製程(衝擊車用、家電市場)，如今問題 可能蔓延世界最先進晶片。分析人士警告，2024年先進晶片的供給缺口恐高達20%。 華爾街日報9日報導，消息人士透露，部分台積電(2330)客戶收到警告，指該公司明 (2023)年及2024年的擴產速度或將不如預期，難以取得製造設備是主因。受到成熟製程晶 片短缺衝擊，晶片製造設備的交貨時程遭推遲，部分案例中，新訂單的前置時間甚至達 2~3年之久。 技術問題也是先進晶片短缺原因。報導引述消息指出，三星電子(Samsung Electronics)4 奈米良率的提升速度比預期慢，導致公司今年供應量不如預期，促使包括高通(Qualcomm Inc.)、輝達(Nvidia Corp.)等重要客戶把次世代產品訂單轉給台積電。 不過，三星晶圓代工事業執行副總裁Kang Moon-soo 5月在分析師電話會議上強調，4奈米 的良率提升雖有延遲，但現在已回正軌，三星本(6)月將如期量產世界首款3奈米晶片。 台積電總裁魏哲家4月曾被分析師問到3奈米晶片何時量產，當時他表示，公司在取得製造 設備時面臨挑戰，目前目標是放在2023年。 IBS執行長Handel Jones警告，3奈米、2奈米面臨的需求高漲、設備短缺問題恐怕更嚴重 。他估計，2024~2025年，2~3奈米晶片的供給缺口可能會達10~20%。 部分半導體製造設備要等快2年 消息顯示，關鍵半導體製造設備恐得等待一年半甚至更久才能交貨，因為前所未見的零件 短缺及供應鏈吃緊問題，重創了晶片設備產業。晶片業者大舉擴產、各國政府試圖打造自 家半導體供應鏈解決國安問題，進一步提高晶片、設備及材料需求，是晶片設備缺貨主因 。 日經亞洲評論4月7日引述未具名消息人士報導，應用材料(Applied Materials)、科磊 (KLA)、科林研發(Lam Research)、艾司摩爾(ASML)等半導體設備巨擘都警告客戶，部分 關鍵機台必須等待最多18個月，因為從鏡頭、閥門、幫浦到微控制器、工程塑膠、電子模 組等零件全都缺。 報導稱，2019年疫情爆發前，交貨期平均約為3~4個月，2021年已延長至10~12個月。業界 消息透露，科磊檢測設備的等待時間在20個月以上。然而，訪問10多名業界高層後卻發現 ，許多半導體設備商的零件廠擴產意願不高，尋找替代品的難度也大。 報導引述消息指出，台積電擔憂，設備交期延宕，恐影響美國、台灣及日本廠的量產時程 ，公司採購團隊已飛往美國等地，希望供應商提前交貨。 心得/評論： 華爾街日報報導消息人士透露台積電警告客戶擴產不如期 不過我覺得這對近期台積電股價來說影響不大 因為不管怎麼樣都不會比美國縮表、加息影響力來的大 --
又要漲價484
缺貨=財測明確＝滿載=3奈米滿載=噴爆
週五的新聞？
=高成長=一定實現高成長=要穩定客戶下單=噴爆
小兒快把便宜GG賣給我
好 下周一開盤先跌個3%試試
空頭市場還有人在看財報?
才禮拜六 多軍別這麼緊張啦
做交易不要買台積拉～做無腦投資台積電超無腦
沒機台做不出成品等於少賣那營收成長會如預期嗎？
根本標的文：做多半導體設備股
